 Position  P-start Occup  N/L  Affinity
        1  0.000   0.000   0    NA
        2  0.000   0.000   0    NA
        3  0.014   0.014   0    NA
        4  0.114   0.129   0    NA
        5  0.035   0.163   0    NA
        6  0.006   0.169   0    NA
        7  0.042   0.211   0    NA
        8  0.088   0.299   0    NA
        9  0.119   0.418   0    NA
       10  0.159   0.577   0    NA
       11  0.019   0.596   0    NA
       12  0.003   0.599   0    NA
       13  0.010   0.609   0    NA
       14  0.000   0.610   0    NA
       15  0.000   0.610   0    NA
       16  0.000   0.610   0    NA
       17  0.000   0.610   0    NA
       18  0.000   0.610   0    NA
       19  0.000   0.610   0    NA
       20  0.000   0.610   0    NA
       21  0.001   0.612   0    NA
       22  0.007   0.618   0    NA
       23  0.221   0.839   1    NA
       24  0.036   0.875   1    NA
       25  0.000   0.875   1    NA
       26  0.000   0.875   1    NA
       27  0.007   0.882   1    NA
       28  0.006   0.888   1    NA
       29  0.000   0.888   1    NA
       30  0.001   0.889   1    NA
       31  0.000   0.889   1    NA
       32  0.012   0.901   1    NA
       33  0.006   0.906   1    NA
       34  0.000   0.907   1    NA
       35  0.000   0.907   1    NA
       36  0.000   0.908   1    NA
       37  0.052   0.959   1    NA
       38  0.029   0.989   1    NA
       39  0.009   0.998   1    NA
       40  0.000   0.998   1    NA
       41  0.000   0.998   1    NA
       42  0.000   0.998   1    NA
       43  0.000   0.998   1    NA
       44  0.000   0.998   1    NA
       45  0.000   0.998   1    NA
       46  0.000   0.998   1    NA
       47  0.000   0.998   1    NA
       48  0.000   0.998   1    NA
       49  0.000   0.998   1    NA
       50  0.000   0.998   1    NA
       51  0.000   0.998   1    NA
       52  0.000   0.998   1    NA
       53  0.000   0.998   1    NA
       54  0.000   0.998   1    NA
       55  0.000   0.998   1    NA
       56  0.000   0.998   1    NA
       57  0.000   0.998   1    NA
       58  0.000   0.998   1    NA
       59  0.000   0.998   1    NA
       60  0.002   1.000   1    NA
       61  0.000   1.000   1    NA
       62  0.000   1.000   1    NA
       63  0.000   1.000   1    NA
       64  0.000   1.000   1    NA
       65  0.000   1.000   1    NA
       66  0.000   1.000   1    NA
       67  0.000   1.000   1    NA
       68  0.000   1.000   1    NA
       69  0.000   1.000   1    NA
       70  0.000   1.000   1    NA
       71  0.000   1.000   1    NA
       72  0.000   1.000   1    NA
       73  0.000   1.000   1    NA
       74  0.000   1.000   1    0.742
       75  0.000   1.000   1    0.730
       76  0.000   1.000   1    0.728
       77  0.000   1.000   1    0.718
       78  0.000   1.000   1    0.724
       79  0.000   1.000   1    0.728
       80  0.000   1.000   1    0.724
       81  0.000   1.000   1    0.720
       82  0.000   1.000   1    0.717
       83  0.000   1.000   1    0.726
       84  0.000   1.000   1    0.732
       85  0.000   1.000   1    0.737
       86  0.000   1.000   1    0.731
       87  0.000   1.000   1    0.730
       88  0.000   1.000   1    0.724
       89  0.000   1.000   1    0.717
       90  0.000   1.000   1    0.709
       91  0.000   1.000   1    0.700
       92  0.000   1.000   1    0.691
       93  0.000   1.000   1    0.678
       94  0.000   1.000   1    0.663
       95  0.000   1.000   1    0.651
       96  0.000   1.000   1    0.636
       97  0.000   1.000   1    0.621
       98  0.000   1.000   1    0.605
       99  0.000   1.000   1    0.595
      100  0.000   1.000   1    0.585
      101  0.000   1.000   1    0.574
      102  0.000   1.000   1    0.560
      103  0.000   1.000   1    0.541
      104  0.000   1.000   1    0.526
      105  0.000   1.000   1    0.511
      106  0.000   1.000   1    0.507
      107  0.000   1.000   1    0.501
      108  0.000   1.000   1    0.489
      109  0.000   1.000   1    0.468
      110  0.000   1.000   1    0.448
      111  0.000   1.000   1    0.424
      112  0.000   1.000   1    0.403
      113  0.000   1.000   1    0.387
      114  0.000   1.000   1    0.373
      115  0.000   1.000   1    0.362
      116  0.000   1.000   1    0.354
      117  0.000   1.000   1    0.338
      118  0.000   1.000   1    0.318
      119  0.000   1.000   1    0.295
      120  0.000   1.000   1    0.270
      121  0.000   1.000   1    0.250
      122  0.000   1.000   1    0.230
      123  0.000   1.000   1    0.201
      124  0.000   1.000   1    0.164
      125  0.000   1.000   1    0.136
      126  0.000   1.000   1    0.122
      127  0.000   1.000   1    0.108
      128  0.000   1.000   1    0.082
      129  0.000   1.000   1    0.055
      130  0.000   1.000   1    0.038
      131  0.000   1.000   1    0.022
      132  0.000   1.000   1    0.010
      133  0.000   1.000   1   -0.013
      134  0.000   1.000   1   -0.040
      135  0.000   1.000   1   -0.062
      136  0.000   1.000   1   -0.080
      137  0.000   1.000   1   -0.097
      138  0.000   1.000   1   -0.126
      139  0.000   1.000   1   -0.154
      140  0.000   1.000   1   -0.184
      141  0.000   1.000   1   -0.206
      142  0.000   1.000   1   -0.232
      143  0.000   1.000   1   -0.256
      144  0.000   1.000   1   -0.274
      145  0.000   1.000   1   -0.290
      146  0.000   1.000   1   -0.305
      147  0.000   1.000   1   -0.324
      148  0.000   1.000   1   -0.344
      149  0.000   1.000   1   -0.359
      150  0.000   0.986   1   -0.372
      151  0.000   0.871   1   -0.382
      152  0.000   0.837   1   -0.395
      153  0.000   0.831   1   -0.402
      154  0.000   0.789   1   -0.411
      155  0.000   0.701   1   -0.422
      156  0.000   0.582   1   -0.438
      157  0.000   0.423   1   -0.455
      158  0.000   0.404   1   -0.461
      159  0.000   0.401   1   -0.477
      160  0.000   0.391   1   -0.496
      161  0.000   0.390   1   -0.527
      162  0.000   0.390   1   -0.549
      163  0.000   0.390   1   -0.570
      164  0.000   0.390   1   -0.579
      165  0.000   0.390   1   -0.600
      166  0.000   0.390   1   -0.618
      167  0.000   0.390   1   -0.640
      168  0.000   0.388   1   -0.656
      169  0.000   0.382   1   -0.681
      170  0.000   0.161   0   -0.698
      171  0.000   0.125   0   -0.712
      172  0.000   0.125   0   -0.728
      173  0.000   0.125   0   -0.746
      174  0.000   0.118   0   -0.755
      175  0.000   0.112   0   -0.761
      176  0.000   0.112   0   -0.767
      177  0.000   0.111   0   -0.782
      178  0.000   0.111   0   -0.789
      179  0.000   0.099   0   -0.791
      180  0.000   0.094   0   -0.798
      181  0.000   0.093   0   -0.815
      182  0.000   0.093   0   -0.832
      183  0.000   0.093   0   -0.845
      184  0.000   0.041   0   -0.853
      185  0.000   0.011   0   -0.856
      186  0.000   0.002   0   -0.861
      187  0.000   0.002   0   -0.869
      188  0.000   0.002   0   -0.871
      189  0.000   0.002   0   -0.873
      190  0.000   0.002   0   -0.875
      191  0.000   0.002   0   -0.887
      192  0.000   0.002   0   -0.904
      193  0.000   0.002   0   -0.917
      194  0.000   0.002   0   -0.924
      195  0.000   0.002   0   -0.928
      196  0.000   0.002   0   -0.931
      197  0.000   0.002   0   -0.934
      198  0.000   0.002   0   -0.939
      199  0.000   0.002   0   -0.954
      200  0.000   0.002   0   -0.962
      201  0.000   0.002   0   -0.970
      202  0.000   0.002   0   -0.977
      203  0.000   0.002   0   -0.979
      204  0.000   0.002   0   -0.979
      205  0.000   0.002   0   -0.984
      206  0.000   0.002   0   -0.993
      207  0.000   0.000   0   -1.002
      208  0.000   0.000   0   -1.010
      209  0.000   0.000   0   -1.016
      210  0.000   0.000   0   -1.018
      211  0.000   0.000   0   -1.014
      212  0.000   0.000   0   -1.012
      213  0.000   0.000   0   -1.013
      214  0.000   0.000   0   -1.017
      215  0.000   0.000   0   -1.021
      216  0.000   0.000   0   -1.027
      217  0.000   0.000   0   -1.042
      218  0.000   0.000   0   -1.055
      219  0.000   0.000   0   -1.065
      220  0.000   0.000   0   -1.061
      221  0.000   0.000   0   -1.053
      222  0.000   0.000   0   -1.045
      223  0.000   0.000   0   -1.049
      224  0.000   0.000   0   -1.052
      225  0.000   0.000   0   -1.057
      226  0.000   0.000   0   -1.064
      227  0.000   0.000   0   -1.070
      228  0.000   0.000   0   -1.066
      229  0.000   0.000   0   -1.066
      230  0.000   0.000   0   -1.063
      231  0.000   0.000   0   -1.056
      232  0.000   0.000   0   -1.049
      233  0.000   0.000   0   -1.047
      234  0.000   0.000   0   -1.054
      235  0.000   0.000   0   -1.059
      236  0.000   0.000   0   -1.059
      237  0.000   0.000   0   -1.056
      238  0.000   0.000   0   -1.051
      239  0.000   0.000   0   -1.050
      240  0.000   0.000   0   -1.056
      241  0.000   0.000   0   -1.062
      242  0.001   0.001   0   -1.072
      243  0.000   0.001   0   -1.082
      244  0.000   0.001   0   -1.090
      245  0.000   0.001   0   -1.100
      246  0.000   0.001   0   -1.101
      247  0.000   0.001   0   -1.096
      248  0.000   0.001   0   -1.090
      249  0.000   0.001   0   -1.085
      250  0.000   0.001   0   -1.085
      251  0.000   0.001   0   -1.083
      252  0.000   0.001   0   -1.081
      253  0.000   0.001   0   -1.073
      254  0.000   0.001   0   -1.061
      255  0.000   0.001   0   -1.058
      256  0.000   0.001   0   -1.059
      257  0.000   0.001   0   -1.053
      258  0.000   0.001   0   -1.048
      259  0.000   0.001   0   -1.038
      260  0.000   0.001   0   -1.026
      261  0.000   0.001   0   -1.008
      262  0.000   0.001   0   -0.986
      263  0.000   0.001   0   -0.974
      264  0.001   0.002   0   -0.970
      265  0.000   0.002   0   -0.973
      266  0.000   0.002   0   -0.974
      267  0.001   0.003   0   -0.968
      268  0.000   0.003   0   -0.961
      269  0.000   0.003   0   -0.949
      270  0.000   0.003   0   -0.932
      271  0.000   0.003   0   -0.913
      272  0.140   0.143   0   -0.890
      273  0.036   0.179   0   -0.871
      274  0.010   0.189   0   -0.861
      275  0.002   0.191   0   -0.852
      276  0.000   0.191   0   -0.844
      277  0.000   0.191   0   -0.829
      278  0.000   0.191   0   -0.804
      279  0.000   0.191   0   -0.777
      280  0.000   0.191   0   -0.753
      281  0.000   0.191   0   -0.733
      282  0.000   0.191   0   -0.712
      283  0.000   0.192   0   -0.695
      284  0.000   0.192   0   -0.678
      285  0.000   0.192   0   -0.663
      286  0.000   0.192   0   -0.646
      287  0.000   0.192   0   -0.628
      288  0.000   0.192   0   -0.603
      289  0.000   0.192   0   -0.576
      290  0.003   0.195   0   -0.559
      291  0.000   0.195   0   -0.551
      292  0.000   0.195   0   -0.548
      293  0.000   0.195   0   -0.538
      294  0.000   0.195   0   -0.526
      295  0.000   0.195   0   -0.510
      296  0.002   0.197   0   -0.502
      297  0.006   0.203   0   -0.482
      298  0.581   0.784   1   -0.470
      299  0.059   0.844   1   -0.454
      300  0.011   0.855   1   -0.437
      301  0.029   0.884   1   -0.419
      302  0.013   0.897   1   -0.406
      303  0.001   0.898   1   -0.394
      304  0.002   0.900   1   -0.387
      305  0.001   0.900   1   -0.377
      306  0.008   0.909   1   -0.363
      307  0.001   0.910   1   -0.352
      308  0.000   0.910   1   -0.341
      309  0.030   0.940   1   -0.328
      310  0.003   0.943   1   -0.307
      311  0.001   0.944   1   -0.284
      312  0.008   0.952   1   -0.267
      313  0.001   0.953   1   -0.248
      314  0.003   0.956   1   -0.238
      315  0.001   0.957   1   -0.234
      316  0.001   0.958   1   -0.238
      317  0.002   0.960   1   -0.235
      318  0.004   0.964   1   -0.215
      319  0.000   0.964   1   -0.191
      320  0.000   0.964   1   -0.165
      321  0.000   0.964   1   -0.143
      322  0.000   0.964   1   -0.121
      323  0.001   0.964   1   -0.107
      324  0.000   0.965   1   -0.101
      325  0.003   0.968   1   -0.094
      326  0.003   0.971   1   -0.087
      327  0.028   0.999   1   -0.073
      328  0.000   0.999   1   -0.059
      329  0.000   0.999   1   -0.041
      330  0.000   0.999   1   -0.029
      331  0.000   0.999   1   -0.018
      332  0.000   0.999   1   -0.015
      333  0.000   0.999   1   -0.011
      334  0.000   0.999   1   -0.006
      335  0.000   0.999   1    0.003
      336  0.000   0.999   1    0.022
      337  0.000   1.000   1    0.040
      338  0.000   1.000   1    0.055
      339  0.000   1.000   1    0.068
      340  0.000   1.000   1    0.079
      341  0.000   1.000   1    0.085
      342  0.000   1.000   1    0.097
      343  0.000   1.000   1    0.106
      344  0.000   1.000   1    0.128
      345  0.000   1.000   1    0.153
      346  0.000   1.000   1    0.182
      347  0.000   1.000   1    0.214
      348  0.000   1.000   1    0.237
      349  0.000   1.000   1    0.256
      350  0.000   1.000   1    0.273
      351  0.000   1.000   1    0.293
      352  0.000   1.000   1    0.309
      353  0.000   1.000   1    0.328
      354  0.000   1.000   1    0.343
      355  0.000   1.000   1    0.365
      356  0.000   1.000   1    0.382
      357  0.000   1.000   1    0.398
      358  0.000   1.000   1    0.419
      359  0.000   1.000   1    0.436
      360  0.000   1.000   1    0.455
      361  0.000   1.000   1    0.469
      362  0.000   1.000   1    0.484
      363  0.000   1.000   1    0.500
      364  0.000   1.000   1    0.515
      365  0.000   1.000   1    0.523
      366  0.000   1.000   1    0.523
      367  0.000   1.000   1    0.521
      368  0.000   1.000   1    0.525
      369  0.000   1.000   1    0.539
      370  0.000   1.000   1    0.556
      371  0.000   1.000   1    0.583
      372  0.000   1.000   1    0.604
      373  0.000   1.000   1    0.620
      374  0.000   1.000   1    0.628
      375  0.000   1.000   1    0.634
      376  0.000   1.000   1    0.640
      377  0.000   1.000   1    0.649
      378  0.000   1.000   1    0.657
      379  0.000   1.000   1    0.670
      380  0.000   1.000   1    0.684
      381  0.000   1.000   1    0.702
      382  0.000   1.000   1    0.715
      383  0.000   1.000   1    0.735
      384  0.000   1.000   1    0.752
      385  0.000   1.000   1    0.771
      386  0.000   1.000   1    0.786
      387  0.000   1.000   1    0.797
      388  0.000   1.000   1    0.805
      389  0.000   0.999   1    0.813
      390  0.000   0.999   1    0.825
      391  0.000   0.999   1    0.830
      392  0.000   0.999   1    0.835
      393  0.000   0.999   1    0.841
      394  0.000   0.999   1    0.844
      395  0.000   0.999   1    0.852
      396  0.000   0.999   1    0.860
      397  0.000   0.999   1    0.867
      398  0.000   0.999   1    0.867
      399  0.000   0.999   1    0.862
      400  0.000   0.999   1    0.864
      401  0.000   0.999   1    0.871
      402  0.000   0.999   1    0.869
      403  0.000   0.999   1    0.861
      404  0.000   0.999   1    0.860
      405  0.000   0.999   1    0.855
      406  0.000   0.999   1    0.855
      407  0.000   0.999   1    0.855
      408  0.000   0.999   1    0.860
      409  0.000   0.999   1    0.865
      410  0.000   0.999   1    0.865
      411  0.000   0.998   1    0.863
      412  0.000   0.998   1    0.866
      413  0.000   0.998   1    0.864
      414  0.000   0.997   1    0.868
      415  0.000   0.997   1    0.873
      416  0.000   0.997   1    0.874
      417  0.000   0.997   1    0.872
      418  0.000   0.997   1    0.868
      419  0.000   0.857   1    0.863
      420  0.065   0.887   1    0.863
      421  0.034   0.911   1    0.871
      422  0.003   0.912   1    0.887
      423  0.001   0.913   1    0.891
      424  0.074   0.987   1    0.881
      425  0.006   0.992   1    0.873
      426  0.000   0.992   1    0.863
      427  0.000   0.992   1    0.857
      428  0.000   0.992   1    0.842
      429  0.000   0.992   1    0.835
      430  0.000   0.992   1    0.834
      431  0.000   0.992   1    0.836
      432  0.000   0.992   1    0.836
      433  0.000   0.992   1    0.835
      434  0.000   0.992   1    0.836
      435  0.000   0.992   1    0.833
      436  0.000   0.992   1    0.831
      437  0.000   0.989   1    0.824
      438  0.000   0.989   1    0.814
      439  0.000   0.989   1    0.806
      440  0.000   0.989   1    0.799
      441  0.000   0.989   1    0.790
      442  0.000   0.988   1    0.790
      443  0.000   0.987   1    0.788
      444  0.000   0.981   1    0.793
      445  0.000   0.400   0    0.790
      446  0.000   0.340   0    0.792
      447  0.000   0.329   0    0.796
      448  0.001   0.301   0    0.800
      449  0.027   0.314   0    0.806
      450  0.001   0.314   0    0.805
      451  0.000   0.313   0    0.800
      452  0.005   0.317   0    0.797
      453  0.000   0.309   0    0.797
      454  0.000   0.308   0    0.790
      455  0.000   0.307   0    0.777
      456  0.000   0.278   0    0.768
      457  0.000   0.274   0    0.766
      458  0.000   0.274   0    0.770
      459  0.000   0.266   0    0.766
      460  0.003   0.268   0    0.771
      461  0.001   0.265   0    0.778
      462  0.276   0.540   1    0.780
      463  0.029   0.568   1    0.780
      464  0.124   0.690   1    0.785
      465  0.114   0.800   1    0.787
      466  0.176   0.977   1    0.805
      467  0.008   0.985   1    0.816
      468  0.000   0.985   1    0.823
      469  0.000   0.985   1    0.828
      470  0.001   0.985   1    0.834
      471  0.001   0.986   1    0.841
      472  0.003   0.986   1    0.843
      473  0.010   0.993   1    0.847
      474  0.005   0.969   1    0.852
      475  0.022   0.991   1    0.851
      476  0.000   0.991   1    0.854
      477  0.000   0.991   1    0.852
      478  0.000   0.991   1    0.856
      479  0.001   0.992   1    0.863
      480  0.003   0.995   1    0.866
      481  0.000   0.995   1    0.865
      482  0.000   0.995   1    0.858
      483  0.000   0.995   1    0.860
      484  0.000   0.995   1    0.859
      485  0.000   0.995   1    0.854
      486  0.000   0.995   1    0.851
      487  0.000   0.995   1    0.847
      488  0.000   0.995   1    0.843
      489  0.000   0.995   1    0.840
      490  0.000   0.995   1    0.838
      491  0.004   0.999   1    0.829
      492  0.000   1.000   1    0.827
      493  0.000   1.000   1    0.826
      494  0.000   1.000   1    0.830
      495  0.000   1.000   1    0.840
      496  0.000   1.000   1    0.849
      497  0.000   1.000   1    0.858
      498  0.000   1.000   1    0.869
      499  0.000   1.000   1    0.867
      500  0.000   1.000   1    0.866
      501  0.000   1.000   1    0.854
      502  0.000   1.000   1    0.840
      503  0.000   1.000   1    0.834
      504  0.000   1.000   1    0.833
      505  0.000   1.000   1    0.835
      506  0.000   1.000   1    0.842
      507  0.000   1.000   1    0.843
      508  0.000   1.000   1    0.857
      509  0.000   1.000   1    0.871
      510  0.000   1.000   1    0.889
      511  0.000   1.000   1    0.903
      512  0.000   1.000   1    0.917
      513  0.000   1.000   1    0.927
      514  0.000   1.000   1    0.933
      515  0.000   1.000   1    0.935
      516  0.000   1.000   1    0.934
      517  0.000   1.000   1    0.937
      518  0.000   1.000   1    0.941
      519  0.000   1.000   1    0.944
      520  0.000   1.000   1    0.946
      521  0.000   1.000   1    0.937
      522  0.000   1.000   1    0.927
      523  0.000   1.000   1    0.919
      524  0.000   1.000   1    0.922
      525  0.000   1.000   1    0.923
      526  0.000   1.000   1    0.929
      527  0.000   1.000   1    0.936
      528  0.000   1.000   1    0.942
      529  0.000   1.000   1    0.946
      530  0.000   1.000   1    0.954
      531  0.000   1.000   1    0.954
      532  0.000   1.000   1    0.950
      533  0.000   1.000   1    0.950
      534  0.000   1.000   1    0.954
      535  0.000   1.000   1    0.960
      536  0.000   1.000   1    0.974
      537  0.000   1.000   1    0.996
      538  0.000   1.000   1    1.009
      539  0.000   1.000   1    1.023
      540  0.000   1.000   1    1.024
      541  0.000   1.000   1    1.024
      542  0.000   1.000   1    1.032
      543  0.000   1.000   1    1.043
      544  0.000   1.000   1    1.056
      545  0.000   1.000   1    1.067
      546  0.000   1.000   1    1.076
      547  0.000   1.000   1    1.085
      548  0.000   1.000   1    1.088
      549  0.000   1.000   1    1.082
      550  0.000   1.000   1    1.073
      551  0.000   1.000   1    1.069
      552  0.000   1.000   1    1.070
      553  0.000   1.000   1    1.069
      554  0.000   1.000   1    1.080
      555  0.000   1.000   1    1.094
      556  0.000   1.000   1    1.113
      557  0.000   1.000   1    1.132
      558  0.000   1.000   1    1.140
      559  0.000   1.000   1    1.146
      560  0.000   1.000   1    1.148
      561  0.000   1.000   1    1.145
      562  0.000   1.000   1    1.142
      563  0.000   1.000   1    1.134
      564  0.000   1.000   1    1.127
      565  0.000   1.000   1    1.118
      566  0.000   1.000   1    1.111
      567  0.000   0.934   1    1.101
      568  0.000   0.900   1    1.099
      569  0.000   0.897   1    1.102
      570  0.000   0.896   1    1.107
      571  0.000   0.822   1    1.105
      572  0.001   0.818   1    1.099
      573  0.000   0.818   1    1.091
      574  0.000   0.818   1    1.092
      575  0.000   0.818   1    1.095
      576  0.000   0.818   1    1.098
      577  0.001   0.818   1    1.100
      578  0.071   0.889   1    1.102
      579  0.099   0.989   1    1.098
      580  0.001   0.989   1    1.098
      581  0.007   0.997   1    1.094
      582  0.000   0.997   1    1.092
      583  0.000   0.997   1    1.090
      584  0.000   0.997   1    1.089
      585  0.000   0.997   1    1.093
      586  0.000   0.997   1    1.102
      587  0.000   0.997   1    1.113
      588  0.000   0.997   1    1.113
      589  0.000   0.997   1    1.111
      590  0.000   0.997   1    1.107
      591  0.000   0.997   1    1.097
      592  0.000   0.997   1    1.077
      593  0.000   0.997   1    1.062
      594  0.000   0.997   1    1.050
      595  0.000   0.997   1    1.052
      596  0.000   0.970   1    1.060
      597  0.000   0.969   1    1.060
      598  0.000   0.969   1    1.056
      599  0.000   0.964   1    1.047
      600  0.000   0.964   1    1.037
      601  0.000   0.963   1    1.034
      602  0.000   0.964   1    1.024
      603  0.000   0.964   1    1.021
      604  0.000   0.964   1    1.023
      605  0.000   0.964   1    1.022
      606  0.000   0.964   1    1.021
      607  0.000   0.961   1    1.012
      608  0.000   0.960   1    1.007
      609  0.000   0.684   0    0.997
      610  0.000   0.655   0    0.979
      611  0.000   0.531   0    0.958
      612  0.000   0.417   0    0.937
      613  0.000   0.241   0    0.933
      614  0.000   0.233   0    0.932
      615  0.000   0.233   0    0.928
      616  0.000   0.233   0    0.927
      617  0.000   0.233   0    0.930
      618  0.008   0.240   0    0.930
      619  0.016   0.253   0    0.923
      620  0.017   0.260   0    0.914
      621  0.030   0.286   0    0.902
      622  0.067   0.330   0    0.892
      623  0.668   0.998   1    0.896
      624  0.000   0.999   1    0.908
      625  0.000   0.998   1    0.916
      626  0.000   0.997   1    0.924
      627  0.001   0.996   1    0.935
      628  0.000   0.996   1    0.940
      629  0.001   0.996   1    0.939
      630  0.001   0.997   1    0.932
      631  0.001   0.998   1    0.928
      632  0.000   0.998   1    0.930
      633  0.000   0.998   1    0.929
      634  0.000   0.998   1    0.932
      635  0.002   1.000   1    0.928
      636  0.000   1.000   1    0.927
      637  0.000   1.000   1    0.921
      638  0.000   0.995   1    0.903
      639  0.003   0.997   1    0.894
      640  0.001   0.999   1    0.882
      641  0.001   0.999   1    0.871
      642  0.000   0.999   1    0.863
      643  0.000   0.999   1    0.858
      644  0.000   1.000   1    0.852
      645  0.000   1.000   1    0.842
      646  0.000   1.000   1    0.839
      647  0.000   1.000   1    0.843
      648  0.000   1.000   1    0.848
      649  0.000   1.000   1    0.850
      650  0.000   1.000   1    0.847
      651  0.000   1.000   1    0.841
      652  0.000   1.000   1    0.832
      653  0.000   1.000   1    0.824
      654  0.000   1.000   1    0.819
      655  0.000   1.000   1    0.818
      656  0.000   0.999   1    0.812
      657  0.000   0.999   1    0.813
      658  0.000   0.999   1    0.811
      659  0.000   0.999   1    0.807
      660  0.000   0.999   1    0.805
      661  0.000   0.999   1    0.806
      662  0.000   1.000   1    0.805
      663  0.000   1.000   1    0.800
      664  0.000   1.000   1    0.802
      665  0.000   1.000   1    0.808
      666  0.000   1.000   1    0.823
      667  0.000   1.000   1    0.840
      668  0.000   1.000   1    0.848
      669  0.000   1.000   1    0.854
      670  0.000   1.000   1    0.855
      671  0.000   1.000   1    0.850
      672  0.000   1.000   1    0.846
      673  0.000   1.000   1    0.843
      674  0.000   1.000   1    0.848
      675  0.000   1.000   1    0.855
      676  0.000   1.000   1    0.862
      677  0.000   1.000   1    0.869
      678  0.000   1.000   1    0.856
      679  0.000   1.000   1    0.836
      680  0.000   1.000   1    0.819
      681  0.000   1.000   1    0.814
      682  0.000   1.000   1    0.803
      683  0.000   1.000   1    0.799
      684  0.000   1.000   1    0.793
      685  0.000   1.000   1    0.796
      686  0.000   1.000   1    0.796
      687  0.000   1.000   1    0.793
      688  0.000   1.000   1    0.791
      689  0.000   1.000   1    0.780
      690  0.000   1.000   1    0.771
      691  0.000   1.000   1    0.762
      692  0.000   1.000   1    0.761
      693  0.000   1.000   1    0.773
      694  0.000   1.000   1    0.772
      695  0.000   1.000   1    0.771
      696  0.000   1.000   1    0.771
      697  0.000   1.000   1    0.770
      698  0.000   1.000   1    0.765
      699  0.000   1.000   1    0.762
      700  0.000   1.000   1    0.765
      701  0.000   1.000   1    0.758
      702  0.000   1.000   1    0.753
      703  0.000   1.000   1    0.741
      704  0.000   1.000   1    0.733
      705  0.000   1.000   1    0.727
      706  0.000   1.000   1    0.717
      707  0.000   1.000   1    0.709
      708  0.000   1.000   1    0.713
      709  0.000   1.000   1    0.715
      710  0.000   1.000   1    0.713
      711  0.000   1.000   1    0.713
      712  0.000   1.000   1    0.710
      713  0.000   1.000   1    0.708
      714  0.000   1.000   1    0.700
      715  0.000   1.000   1    0.688
      716  0.000   1.000   1    0.677
      717  0.000   1.000   1    0.671
      718  0.000   1.000   1    0.665
      719  0.000   0.999   1    0.650
      720  0.000   0.999   1    0.635
      721  0.000   1.000   1    0.623
      722  0.000   1.000   1    0.606
      723  0.000   1.000   1    0.587
      724  0.000   0.999   1    0.563
      725  0.000   0.928   1    0.554
      726  0.001   0.830   1    0.547
      727  0.001   0.831   1    0.535
      728  0.007   0.831   1    0.525
      729  0.003   0.834   1    0.520
      730  0.002   0.835   1    0.516
      731  0.009   0.845   1    0.513
      732  0.004   0.848   1    0.510
      733  0.001   0.849   1    0.515
      734  0.001   0.850   1    0.513
      735  0.000   0.851   1    0.508
      736  0.000   0.851   1    0.499
      737  0.000   0.850   1    0.500
      738  0.001   0.852   1    0.500
      739  0.000   0.852   1    0.499
      740  0.000   0.852   1    0.490
      741  0.000   0.852   1    0.480
      742  0.000   0.852   1    0.475
      743  0.000   0.852   1    0.478
      744  0.000   0.852   1    0.483
      745  0.000   0.852   1    0.487
      746  0.000   0.852   1    0.489
      747  0.000   0.852   1    0.493
      748  0.009   0.861   1    0.500
      749  0.009   0.870   1    0.508
      750  0.000   0.870   1    0.516
      751  0.000   0.870   1    0.517
      752  0.002   0.872   1    0.520
      753  0.000   0.873   1    0.530
      754  0.001   0.873   1    0.536
      755  0.004   0.877   1    0.537
      756  0.032   0.910   1    0.537
      757  0.012   0.922   1    0.540
      758  0.000   0.922   1    0.542
      759  0.000   0.922   1    0.555
      760  0.000   0.922   1    0.561
      761  0.000   0.922   1    0.572
      762  0.000   0.922   1    0.582
      763  0.000   0.922   1    0.585
      764  0.000   0.922   1    0.590
      765  0.000   0.913   1    0.597
      766  0.000   0.897   1    0.608
      767  0.000   0.880   1    0.618
      768  0.000   0.850   1    0.628
      769  0.000   0.783   1    0.638
      770  0.000   0.115   0    0.651
      771  0.000   0.115   0    0.657
      772  0.001   0.116   0    0.663
      773  0.056   0.172   0    0.669
      774  0.448   0.619   1    0.677
      775  0.053   0.672   1    0.684
      776  0.000   0.672   1    0.688
      777  0.000   0.671   1    0.697
      778  0.001   0.671   1    0.706
      779  0.017   0.688   1    0.718
      780  0.002   0.690   1    0.724
      781  0.000   0.690   1    0.729
      782  0.012   0.699   1    0.731
      783  0.287   0.987   1    0.728
      784  0.009   0.996   1    0.732
      785  0.000   0.996   1    0.729
      786  0.000   0.994   1    0.723
      787  0.000   0.992   1    0.718
      788  0.000   0.992   1    0.711
      789  0.000   0.992   1    0.711
      790  0.000   0.992   1    0.710
      791  0.000   0.991   1    0.709
      792  0.000   0.991   1    0.700
      793  0.000   0.992   1    0.694
      794  0.000   0.992   1    0.696
      795  0.000   0.992   1    0.702
      796  0.000   0.992   1    0.704
      797  0.000   0.992   1    0.703
      798  0.000   0.992   1    0.704
      799  0.000   0.992   1    0.703
      800  0.000   0.992   1    0.700
      801  0.000   0.992   1    0.702
      802  0.000   0.993   1    0.703
      803  0.001   0.993   1    0.701
      804  0.001   0.995   1    0.693
      805  0.000   0.995   1    0.686
      806  0.000   0.995   1    0.682
      807  0.000   0.995   1    0.673
      808  0.000   0.995   1    0.663
      809  0.000   0.994   1    0.652
      810  0.000   0.994   1    0.647
      811  0.000   0.994   1    0.646
      812  0.001   0.995   1    0.642
      813  0.000   0.995   1    0.636
      814  0.003   0.998   1    0.625
      815  0.002   0.999   1    0.619
      816  0.000   1.000   1    0.607
      817  0.000   1.000   1    0.601
      818  0.000   1.000   1    0.595
      819  0.000   1.000   1    0.596
      820  0.000   1.000   1    0.601
      821  0.000   1.000   1    0.597
      822  0.000   1.000   1    0.585
      823  0.000   1.000   1    0.570
      824  0.000   1.000   1    0.563
      825  0.000   1.000   1    0.563
      826  0.000   1.000   1    0.564
      827  0.000   1.000   1    0.556
      828  0.000   1.000   1    0.557
      829  0.000   1.000   1    0.561
      830  0.000   1.000   1    0.563
      831  0.000   1.000   1    0.561
      832  0.000   1.000   1    0.553
      833  0.000   1.000   1    0.540
      834  0.000   1.000   1    0.531
      835  0.000   1.000   1    0.525
      836  0.000   1.000   1    0.519
      837  0.000   1.000   1    0.517
      838  0.000   1.000   1    0.517
      839  0.000   1.000   1    0.513
      840  0.000   1.000   1    0.513
      841  0.000   1.000   1    0.516
      842  0.000   1.000   1    0.517
      843  0.000   1.000   1    0.521
      844  0.000   1.000   1    0.519
      845  0.000   1.000   1    0.525
      846  0.000   1.000   1    0.523
      847  0.000   1.000   1    0.527
      848  0.000   1.000   1    0.527
      849  0.000   1.000   1    0.523
      850  0.000   1.000   1    0.519
      851  0.000   1.000   1    0.517
      852  0.000   1.000   1    0.516
      853  0.000   1.000   1    0.510
      854  0.000   1.000   1    0.503
      855  0.000   1.000   1    0.493
      856  0.000   1.000   1    0.482
      857  0.000   1.000   1    0.470
      858  0.000   1.000   1    0.465
      859  0.000   1.000   1    0.466
      860  0.000   1.000   1    0.471
      861  0.000   1.000   1    0.477
      862  0.000   1.000   1    0.480
      863  0.000   1.000   1    0.480
      864  0.000   1.000   1    0.483
      865  0.000   1.000   1    0.485
      866  0.000   1.000   1    0.485
      867  0.000   0.999   1    0.484
      868  0.000   0.999   1    0.489
      869  0.000   0.999   1    0.485
      870  0.000   0.999   1    0.489
      871  0.000   0.999   1    0.491
      872  0.000   0.999   1    0.489
      873  0.000   0.998   1    0.480
      874  0.000   0.997   1    0.463
      875  0.000   0.989   1    0.455
      876  0.000   0.986   1    0.449
      877  0.000   0.984   1    0.455
      878  0.000   0.975   1    0.456
      879  0.000   0.971   1    0.454
      880  0.000   0.971   1    0.451
      881  0.014   0.983   1    0.449
      882  0.009   0.992   1    0.448
      883  0.000   0.992   1    0.438
      884  0.000   0.992   1    0.425
      885  0.000   0.991   1    0.419
      886  0.000   0.991   1    0.418
      887  0.000   0.991   1    0.424
      888  0.000   0.991   1    0.428
      889  0.000   0.991   1    0.434
      890  0.000   0.991   1    0.440
      891  0.000   0.991   1    0.447
      892  0.000   0.991   1    0.453
      893  0.000   0.991   1    0.454
      894  0.000   0.991   1    0.448
      895  0.000   0.982   1    0.444
      896  0.000   0.973   1    0.442
      897  0.000   0.973   1    0.446
      898  0.000   0.972   1    0.447
      899  0.000   0.970   1    0.451
      900  0.000   0.970   1    0.452
      901  0.000   0.969   1    0.449
      902  0.000   0.965   1    0.447
      903  0.000   0.933   1    0.444
      904  0.000   0.921   1    0.437
      905  0.000   0.921   1    0.425
      906  0.000   0.921   1    0.422
      907  0.000   0.921   1    0.420
      908  0.008   0.928   1    0.423
      909  0.006   0.935   1    0.427
      910  0.003   0.938   1    0.430
      911  0.003   0.941   1    0.430
      912  0.000   0.941   1    0.431
      913  0.000   0.941   1    0.423
      914  0.000   0.941   1    0.419
      915  0.000   0.941   1    0.413
      916  0.000   0.941   1    0.405
      917  0.000   0.941   1    0.409
      918  0.000   0.941   1    0.417
      919  0.000   0.941   1    0.427
      920  0.000   0.885   1    0.431
      921  0.016   0.453   0    0.431
      922  0.002   0.402   0    0.429
      923  0.009   0.410   0    0.422
      924  0.001   0.411   0    0.421
      925  0.000   0.411   0    0.415
      926  0.000   0.394   0    0.417
      927  0.000   0.392   0    0.426
      928  0.000   0.392   0    0.438
      929  0.001   0.382   0    0.447
      930  0.170   0.265   0    0.437
      931  0.460   0.715   1    0.427
      932  0.085   0.800   1    0.419
      933  0.090   0.890   1    0.418
      934  0.009   0.899   1    0.418
      935  0.001   0.900   1    0.413
      936  0.000   0.900   1    0.410
      937  0.002   0.901   1    0.409
      938  0.003   0.904   1    0.408
      939  0.001   0.905   1    0.406
      940  0.007   0.912   1    0.393
      941  0.003   0.915   1    0.380
      942  0.006   0.920   1    0.361
      943  0.000   0.920   1    0.360
      944  0.000   0.920   1    0.349
      945  0.000   0.920   1    0.344
      946  0.000   0.921   1    0.331
      947  0.005   0.926   1    0.319
      948  0.029   0.954   1    0.314
      949  0.009   0.963   1    0.314
      950  0.000   0.963   1    0.315
      951  0.000   0.962   1    0.315
      952  0.000   0.962   1    0.310
      953  0.000   0.962   1    0.303
      954  0.000   0.962   1    0.306
      955  0.000   0.962   1    0.306
      956  0.001   0.963   1    0.312
      957  0.001   0.963   1    0.314
      958  0.000   0.963   1    0.316
      959  0.000   0.963   1    0.317
      960  0.000   0.963   1    0.317
      961  0.000   0.960   1    0.317
      962  0.000   0.958   1    0.316
      963  0.005   0.963   1    0.305
      964  0.001   0.964   1    0.298
      965  0.000   0.964   1    0.300
      966  0.000   0.964   1    0.304
      967  0.000   0.964   1    0.309
      968  0.000   0.964   1    0.312
      969  0.000   0.964   1    0.315
      970  0.000   0.964   1    0.310
      971  0.000   0.964   1    0.303
      972  0.001   0.965   1    0.285
      973  0.008   0.973   1    0.269
      974  0.014   0.987   1    0.255
      975  0.012   0.999   1    0.251
      976  0.001   1.000   1    0.259
      977  0.000   1.000   1    0.268
      978  0.000   1.000   1    0.278
      979  0.000   1.000   1    0.285
      980  0.000   1.000   1    0.284
      981  0.000   1.000   1    0.280
      982  0.000   1.000   1    0.267
      983  0.000   1.000   1    0.257
      984  0.000   1.000   1    0.253
      985  0.000   1.000   1    0.253
      986  0.000   1.000   1    0.258
      987  0.000   1.000   1    0.260
      988  0.000   1.000   1    0.263
      989  0.000   1.000   1    0.257
      990  0.000   1.000   1    0.251
      991  0.000   1.000   1    0.247
      992  0.000   1.000   1    0.247
      993  0.000   1.000   1    0.252
      994  0.000   1.000   1    0.259
      995  0.000   1.000   1    0.271
      996  0.000   1.000   1    0.279
      997  0.000   1.000   1    0.284
      998  0.000   1.000   1    0.278
      999  0.000   1.000   1    0.276
     1000  0.000   1.000   1    0.263
     1001  0.000   1.000   1    0.263
     1002  0.000   1.000   1    0.271
     1003  0.000   1.000   1    0.271
     1004  0.000   1.000   1    0.268
     1005  0.000   1.000   1    0.261
     1006  0.000   1.000   1    0.252
     1007  0.000   1.000   1    0.245
     1008  0.000   1.000   1    0.240
     1009  0.000   1.000   1    0.233
     1010  0.000   1.000   1    0.224
     1011  0.000   1.000   1    0.219
     1012  0.000   1.000   1    0.208
     1013  0.000   1.000   1    0.196
     1014  0.000   1.000   1    0.188
     1015  0.000   1.000   1    0.191
     1016  0.000   1.000   1    0.188
     1017  0.000   1.000   1    0.182
     1018  0.000   0.999   1    0.185
     1019  0.000   0.999   1    0.188
     1020  0.000   0.999   1    0.189
     1021  0.000   0.999   1    0.189
     1022  0.000   0.999   1    0.182
     1023  0.000   0.999   1    0.174
     1024  0.000   0.999   1    0.161
     1025  0.000   0.999   1    0.151
     1026  0.000   0.999   1    0.148
     1027  0.000   0.999   1    0.146
     1028  0.000   0.985   1    0.138
     1029  0.000   0.976   1    0.131
     1030  0.000   0.976   1    0.122
     1031  0.000   0.976   1    0.108
     1032  0.000   0.976   1    0.084
     1033  0.000   0.976   1    0.054
     1034  0.000   0.976   1    0.026
     1035  0.000   0.976   1    0.000
     1036  0.000   0.976   1   -0.020
     1037  0.000   0.976   1   -0.033
     1038  0.000   0.976   1   -0.048
     1039  0.000   0.976   1   -0.066
     1040  0.000   0.976   1   -0.082
     1041  0.000   0.976   1   -0.104
     1042  0.000   0.976   1   -0.121
     1043  0.000   0.976   1   -0.146
     1044  0.000   0.975   1   -0.172
     1045  0.000   0.975   1   -0.190
     1046  0.000   0.975   1   -0.204
     1047  0.000   0.975   1   -0.218
     1048  0.000   0.975   1   -0.236
     1049  0.000   0.975   1   -0.261
     1050  0.000   0.975   1   -0.285
     1051  0.000   0.975   1   -0.309
     1052  0.000   0.975   1   -0.331
     1053  0.000   0.975   1   -0.344
     1054  0.000   0.975   1   -0.352
     1055  0.000   0.967   1   -0.362
     1056  0.000   0.961   1   -0.382
     1057  0.000   0.958   1   -0.407
     1058  0.000   0.955   1   -0.438
     1059  0.000   0.955   1   -0.470
     1060  0.000   0.955   1   -0.495
     1061  0.000   0.955   1   -0.510
     1062  0.000   0.955   1   -0.527
     1063  0.000   0.954   1   -0.547
     1064  0.000   0.954   1   -0.578
     1065  0.000   0.954   1   -0.604
     1066  0.000   0.954   1   -0.626
     1067  0.000   0.953   1   -0.647
     1068  0.000   0.937   1   -0.669
     1069  0.000   0.935   1   -0.695
     1070  0.000   0.926   1   -0.732
     1071  0.000   0.925   1   -0.766
     1072  0.000   0.925   1   -0.799
     1073  0.000   0.925   1   -0.833
     1074  0.000   0.925   1   -0.871
     1075  0.000   0.925   1   -0.913
     1076  0.000   0.924   1   -0.948
     1077  0.000   0.754   1   -0.980
     1078  0.000   0.294   0   -1.007
     1079  0.000   0.209   0   -1.029
     1080  0.000   0.119   0   -1.056
     1081  0.000   0.110   0   -1.078
     1082  0.000   0.109   0   -1.104
     1083  0.000   0.109   0   -1.123
     1084  0.000   0.108   0   -1.144
     1085  0.000   0.105   0   -1.175
     1086  0.000   0.104   0   -1.206
     1087  0.000   0.097   0   -1.235
     1088  0.000   0.094   0   -1.252
     1089  0.000   0.088   0   -1.273
     1090  0.000   0.088   0   -1.292
     1091  0.000   0.088   0   -1.321
     1092  0.000   0.088   0   -1.350
     1093  0.000   0.087   0   -1.379
     1094  0.000   0.082   0   -1.405
     1095  0.000   0.054   0   -1.431
     1096  0.000   0.044   0   -1.461
     1097  0.000   0.044   0   -1.500
     1098  0.000   0.044   0   -1.538
     1099  0.000   0.044   0   -1.567
     1100  0.000   0.044   0   -1.604
     1101  0.000   0.044   0   -1.642
     1102  0.000   0.044   0   -1.683
     1103  0.000   0.043   0   -1.727
     1104  0.000   0.042   0   -1.765
     1105  0.000   0.042   0   -1.798
     1106  0.000   0.042   0   -1.828
     1107  0.000   0.042   0   -1.852
     1108  0.000   0.042   0   -1.888
     1109  0.000   0.042   0   -1.931
     1110  0.000   0.037   0   -1.968
     1111  0.000   0.037   0   -1.996
     1112  0.000   0.036   0   -2.022
     1113  0.000   0.036   0   -2.035
     1114  0.000   0.036   0   -2.049
     1115  0.000   0.036   0   -2.069
     1116  0.000   0.036   0   -2.101
     1117  0.000   0.036   0   -2.133
     1118  0.000   0.035   0   -2.159
     1119  0.000   0.034   0   -2.178
     1120  0.000   0.026   0   -2.202
     1121  0.000   0.012   0   -2.226
     1122  0.000   0.001   0   -2.250
     1123  0.000   0.000   0   -2.271
     1124  0.000   0.000   0   -2.291
     1125  0.000   0.000   0   -2.306
     1126  0.000   0.000   0   -2.318
     1127  0.000   0.000   0   -2.330
     1128  0.000   0.000   0   -2.347
     1129  0.000   0.000   0   -2.367
     1130  0.000   0.000   0   -2.381
     1131  0.000   0.000   0   -2.397
     1132  0.000   0.000   0   -2.408
     1133  0.000   0.000   0   -2.420
     1134  0.000   0.000   0   -2.435
     1135  0.000   0.000   0   -2.460
     1136  0.000   0.000   0   -2.487
     1137  0.000   0.000   0   -2.505
     1138  0.000   0.000   0   -2.529
     1139  0.000   0.000   0   -2.549
     1140  0.000   0.000   0   -2.568
     1141  0.000   0.000   0   -2.588
     1142  0.000   0.000   0   -2.601
     1143  0.000   0.000   0   -2.614
     1144  0.000   0.000   0   -2.622
     1145  0.000   0.000   0   -2.623
     1146  0.000   0.000   0   -2.617
     1147  0.000   0.000   0   -2.617
     1148  0.000   0.000   0   -2.622
     1149  0.000   0.000   0   -2.625
     1150  0.000   0.000   0   -2.630
     1151  0.000   0.000   0   -2.628
     1152  0.000   0.000   0   -2.623
     1153  0.000   0.000   0   -2.611
     1154  0.000   0.000   0   -2.601
     1155  0.000   0.000   0   -2.590
     1156  0.000   0.000   0   -2.585
     1157  0.000   0.000   0   -2.579
     1158  0.000   0.000   0   -2.572
     1159  0.000   0.000   0   -2.566
     1160  0.000   0.000   0   -2.564
     1161  0.000   0.000   0   -2.563
     1162  0.000   0.000   0   -2.571
     1163  0.000   0.000   0   -2.566
     1164  0.000   0.000   0   -2.556
     1165  0.000   0.000   0   -2.544
     1166  0.000   0.000   0   -2.549
     1167  0.000   0.000   0   -2.556
     1168  0.000   0.001   0   -2.562
     1169  0.002   0.002   0   -2.566
     1170  0.005   0.007   0   -2.562
     1171  0.027   0.034   0   -2.556
     1172  0.002   0.036   0   -2.544
     1173  0.000   0.036   0   -2.535
     1174  0.000   0.036   0   -2.524
     1175  0.000   0.036   0   -2.512
     1176  0.000   0.036   0   -2.503
     1177  0.000   0.036   0   -2.493
     1178  0.000   0.036   0   -2.482
     1179  0.001   0.037   0   -2.465
     1180  0.002   0.039   0   -2.446
     1181  0.001   0.040   0   -2.425
     1182  0.000   0.040   0   -2.406
     1183  0.000   0.040   0   -2.389
     1184  0.004   0.044   0   -2.367
     1185  0.077   0.120   0   -2.343
     1186  0.214   0.334   0   -2.320
     1187  0.000   0.334   0   -2.308
     1188  0.000   0.334   0   -2.294
     1189  0.000   0.334   0   -2.277
     1190  0.000   0.334   0   -2.248
     1191  0.000   0.334   0   -2.219
     1192  0.000   0.334   0   -2.195
     1193  0.000   0.334   0   -2.164
     1194  0.000   0.334   0   -2.137
     1195  0.000   0.334   0   -2.107
     1196  0.000   0.334   0   -2.082
     1197  0.000   0.334   0   -2.062
     1198  0.000   0.334   0   -2.040
     1199  0.000   0.334   0   -2.018
     1200  0.000   0.334   0   -1.998
     1201  0.000   0.334   0   -1.975
     1202  0.000   0.334   0   -1.951
     1203  0.000   0.334   0   -1.923
     1204  0.000   0.334   0   -1.897
     1205  0.000   0.334   0   -1.865
     1206  0.000   0.334   0   -1.839
     1207  0.000   0.334   0   -1.808
     1208  0.000   0.334   0   -1.780
     1209  0.000   0.334   0   -1.747
     1210  0.000   0.334   0   -1.717
     1211  0.000   0.334   0   -1.688
     1212  0.000   0.334   0   -1.660
     1213  0.000   0.334   0   -1.625
     1214  0.000   0.334   0   -1.590
     1215  0.000   0.334   0   -1.550
     1216  0.000   0.334   0   -1.504
     1217  0.000   0.334   0   -1.454
     1218  0.000   0.334   0   -1.414
     1219  0.000   0.334   0   -1.380
     1220  0.000   0.334   0   -1.352
     1221  0.000   0.334   0   -1.311
     1222  0.000   0.334   0   -1.278
     1223  0.000   0.334   0   -1.246
     1224  0.000   0.334   0   -1.216
     1225  0.000   0.334   0   -1.180
     1226  0.000   0.334   0   -1.143
     1227  0.000   0.334   0   -1.113
     1228  0.000   0.334   0   -1.092
     1229  0.000   0.334   0   -1.070
     1230  0.000   0.334   0   -1.046
     1231  0.000   0.334   0   -1.014
     1232  0.000   0.334   0   -0.982
     1233  0.000   0.334   0   -0.950
     1234  0.000   0.334   0   -0.937
     1235  0.000   0.334   0   -0.925
     1236  0.000   0.334   0   -0.918
     1237  0.000   0.334   0   -0.909
     1238  0.000   0.334   0   -0.897
     1239  0.000   0.334   0   -0.883
     1240  0.000   0.334   0   -0.875
     1241  0.000   0.334   0   -0.870
     1242  0.000   0.334   0   -0.858
     1243  0.000   0.334   0   -0.845
     1244  0.000   0.334   0   -0.834
     1245  0.000   0.334   0   -0.822
     1246  0.000   0.334   0   -0.807
     1247  0.000   0.334   0   -0.794
     1248  0.000   0.334   0   -0.787
     1249  0.000   0.334   0   -0.776
     1250  0.000   0.334   0   -0.762
     1251  0.000   0.334   0   -0.738
     1252  0.000   0.334   0   -0.714
     1253  0.000   0.334   0   -0.694
     1254  0.000   0.334   0   -0.675
     1255  0.000   0.334   0   -0.662
     1256  0.000   0.334   0   -0.652
     1257  0.000   0.334   0   -0.641
     1258  0.000   0.334   0   -0.633
     1259  0.000   0.334   0   -0.627
     1260  0.000   0.334   0   -0.626
     1261  0.000   0.334   0    NA
     1262  0.000   0.334   0    NA
     1263  0.000   0.334   0    NA
     1264  0.000   0.334   0    NA
     1265  0.000   0.334   0    NA
     1266  0.000   0.334   0    NA
     1267  0.000   0.334   0    NA
     1268  0.000   0.334   0    NA
     1269  0.000   0.334   0    NA
     1270  0.000   0.334   0    NA
     1271  0.000   0.334   0    NA
     1272  0.000   0.334   0    NA
     1273  0.000   0.334   0    NA
     1274  0.000   0.334   0    NA
     1275  0.000   0.334   0    NA
     1276  0.000   0.334   0    NA
     1277  0.000   0.334   0    NA
     1278  0.000   0.334   0    NA
     1279  0.000   0.334   0    NA
     1280  0.000   0.334   0    NA
     1281  0.000   0.334   0    NA
     1282  0.000   0.334   0    NA
     1283  0.000   0.334   0    NA
     1284  0.000   0.334   0    NA
     1285  0.000   0.334   0    NA
     1286  0.000   0.334   0    NA
     1287  0.000   0.334   0    NA
     1288  0.000   0.334   0    NA
     1289  0.000   0.334   0    NA
     1290  0.000   0.334   0    NA
     1291  0.000   0.334   0    NA
     1292  0.000   0.334   0    NA
     1293  0.000   0.334   0    NA
     1294  0.000   0.334   0    NA
     1295  0.000   0.334   0    NA
     1296  0.000   0.334   0    NA
     1297  0.000   0.334   0    NA
     1298  0.000   0.334   0    NA
     1299  0.000   0.334   0    NA
     1300  0.000   0.334   0    NA
     1301  0.000   0.334   0    NA
     1302  0.000   0.334   0    NA
     1303  0.000   0.334   0    NA
     1304  0.000   0.334   0    NA
     1305  0.000   0.334   0    NA
     1306  0.000   0.333   0    NA
     1307  0.000   0.333   0    NA
     1308  0.000   0.333   0    NA
     1309  0.000   0.333   0    NA
     1310  0.000   0.333   0    NA
     1311  0.000   0.333   0    NA
     1312  0.000   0.333   0    NA
     1313  0.000   0.333   0    NA
     1314  0.000   0.333   0    NA
     1315  0.000   0.333   0    NA
     1316  0.000   0.331   0    NA
     1317  0.000   0.326   0    NA
     1318  0.000   0.300   0    NA
     1319  0.000   0.298   0    NA
     1320  0.000   0.298   0    NA
     1321  0.000   0.298   0    NA
     1322  0.000   0.298   0    NA
     1323  0.000   0.298   0    NA
     1324  0.000   0.298   0    NA
     1325  0.000   0.298   0    NA
     1326  0.000   0.297   0    NA
     1327  0.000   0.295   0    NA
     1328  0.000   0.294   0    NA
     1329  0.000   0.294   0    NA
     1330  0.000   0.294   0    NA
     1331  0.000   0.290   0    NA
     1332  0.000   0.214   0    NA
     1333  0.000   0.000   0    NA
