 Position  P-start Occup  N/L  Affinity
        1  0.000   0.000   0    NA
        2  0.000   0.000   0    NA
        3  0.000   0.000   0    NA
        4  0.001   0.001   0    NA
        5  0.004   0.005   0    NA
        6  0.001   0.006   0    NA
        7  0.001   0.008   0    NA
        8  0.002   0.010   0    NA
        9  0.002   0.012   0    NA
       10  0.008   0.020   0    NA
       11  0.000   0.020   0    NA
       12  0.000   0.020   0    NA
       13  0.000   0.020   0    NA
       14  0.001   0.020   0    NA
       15  0.000   0.020   0    NA
       16  0.005   0.025   0    NA
       17  0.000   0.026   0    NA
       18  0.001   0.026   0    NA
       19  0.006   0.032   0    NA
       20  0.270   0.302   1    NA
       21  0.240   0.542   1    NA
       22  0.133   0.675   1    NA
       23  0.093   0.768   1    NA
       24  0.003   0.771   1    NA
       25  0.002   0.773   1    NA
       26  0.000   0.773   1    NA
       27  0.002   0.775   1    NA
       28  0.006   0.781   1    NA
       29  0.001   0.782   1    NA
       30  0.000   0.782   1    NA
       31  0.000   0.783   1    NA
       32  0.000   0.783   1    NA
       33  0.001   0.784   1    NA
       34  0.002   0.785   1    NA
       35  0.131   0.916   1    NA
       36  0.018   0.934   1    NA
       37  0.056   0.990   1    NA
       38  0.002   0.992   1    NA
       39  0.007   0.999   1    NA
       40  0.000   0.999   1    NA
       41  0.000   0.999   1    NA
       42  0.000   0.999   1    NA
       43  0.000   0.999   1    NA
       44  0.000   1.000   1    NA
       45  0.000   1.000   1    NA
       46  0.000   1.000   1    NA
       47  0.000   1.000   1    NA
       48  0.000   1.000   1    NA
       49  0.000   1.000   1    NA
       50  0.000   1.000   1    NA
       51  0.000   1.000   1    NA
       52  0.000   1.000   1    NA
       53  0.000   1.000   1    NA
       54  0.000   1.000   1    NA
       55  0.000   1.000   1    NA
       56  0.000   1.000   1    NA
       57  0.000   1.000   1    NA
       58  0.000   1.000   1    NA
       59  0.000   1.000   1    NA
       60  0.000   1.000   1    NA
       61  0.000   1.000   1    NA
       62  0.000   1.000   1    NA
       63  0.000   1.000   1    NA
       64  0.000   1.000   1    NA
       65  0.000   1.000   1    NA
       66  0.000   1.000   1    NA
       67  0.000   1.000   1    NA
       68  0.000   1.000   1    NA
       69  0.000   1.000   1    NA
       70  0.000   1.000   1    NA
       71  0.000   1.000   1    NA
       72  0.000   1.000   1    NA
       73  0.000   1.000   1    NA
       74  0.000   1.000   1    1.226
       75  0.000   1.000   1    1.231
       76  0.000   1.000   1    1.229
       77  0.000   1.000   1    1.225
       78  0.000   1.000   1    1.219
       79  0.000   1.000   1    1.219
       80  0.000   1.000   1    1.223
       81  0.000   1.000   1    1.237
       82  0.000   1.000   1    1.246
       83  0.000   1.000   1    1.257
       84  0.000   1.000   1    1.258
       85  0.000   1.000   1    1.260
       86  0.000   1.000   1    1.254
       87  0.000   1.000   1    1.252
       88  0.000   1.000   1    1.244
       89  0.000   1.000   1    1.236
       90  0.000   1.000   1    1.227
       91  0.000   1.000   1    1.223
       92  0.000   1.000   1    1.218
       93  0.000   1.000   1    1.214
       94  0.000   1.000   1    1.210
       95  0.000   1.000   1    1.208
       96  0.000   1.000   1    1.200
       97  0.000   1.000   1    1.192
       98  0.000   1.000   1    1.182
       99  0.000   1.000   1    1.177
      100  0.000   1.000   1    1.170
      101  0.000   1.000   1    1.161
      102  0.000   1.000   1    1.153
      103  0.000   1.000   1    1.148
      104  0.000   1.000   1    1.140
      105  0.000   1.000   1    1.125
      106  0.000   1.000   1    1.110
      107  0.000   1.000   1    1.095
      108  0.000   1.000   1    1.087
      109  0.000   1.000   1    1.079
      110  0.000   1.000   1    1.072
      111  0.000   1.000   1    1.059
      112  0.000   1.000   1    1.056
      113  0.000   1.000   1    1.058
      114  0.000   1.000   1    1.059
      115  0.000   1.000   1    1.054
      116  0.000   1.000   1    1.047
      117  0.000   1.000   1    1.035
      118  0.000   1.000   1    1.031
      119  0.000   1.000   1    1.017
      120  0.000   1.000   1    0.993
      121  0.000   1.000   1    0.969
      122  0.000   1.000   1    0.946
      123  0.000   1.000   1    0.922
      124  0.000   1.000   1    0.899
      125  0.000   1.000   1    0.879
      126  0.000   1.000   1    0.868
      127  0.000   1.000   1    0.862
      128  0.000   1.000   1    0.855
      129  0.000   1.000   1    0.843
      130  0.000   1.000   1    0.824
      131  0.000   1.000   1    0.812
      132  0.000   1.000   1    0.804
      133  0.000   1.000   1    0.799
      134  0.000   1.000   1    0.782
      135  0.000   1.000   1    0.767
      136  0.000   1.000   1    0.741
      137  0.000   1.000   1    0.727
      138  0.000   1.000   1    0.710
      139  0.000   1.000   1    0.695
      140  0.000   1.000   1    0.679
      141  0.000   1.000   1    0.670
      142  0.000   1.000   1    0.665
      143  0.000   1.000   1    0.664
      144  0.000   1.000   1    0.662
      145  0.000   1.000   1    0.653
      146  0.000   1.000   1    0.644
      147  0.000   1.000   1    0.633
      148  0.000   1.000   1    0.619
      149  0.000   1.000   1    0.604
      150  0.000   1.000   1    0.587
      151  0.000   0.999   1    0.576
      152  0.000   0.995   1    0.561
      153  0.000   0.994   1    0.544
      154  0.000   0.992   1    0.526
      155  0.000   0.990   1    0.508
      156  0.000   0.988   1    0.492
      157  0.000   0.980   1    0.476
      158  0.000   0.980   1    0.467
      159  0.000   0.980   1    0.455
      160  0.000   0.980   1    0.446
      161  0.000   0.980   1    0.431
      162  0.000   0.980   1    0.413
      163  0.000   0.975   1    0.398
      164  0.000   0.974   1    0.382
      165  0.000   0.974   1    0.377
      166  0.000   0.968   1    0.372
      167  0.000   0.698   0    0.359
      168  0.001   0.459   0    0.338
      169  0.000   0.326   0    0.318
      170  0.000   0.234   0    0.294
      171  0.000   0.231   0    0.272
      172  0.000   0.229   0    0.256
      173  0.000   0.229   0    0.242
      174  0.000   0.227   0    0.231
      175  0.000   0.221   0    0.223
      176  0.000   0.220   0    0.206
      177  0.000   0.220   0    0.186
      178  0.000   0.219   0    0.162
      179  0.000   0.219   0    0.137
      180  0.000   0.219   0    0.117
      181  0.000   0.217   0    0.096
      182  0.000   0.086   0    0.067
      183  0.000   0.068   0    0.029
      184  0.000   0.012   0    0.001
      185  0.000   0.010   0   -0.013
      186  0.000   0.003   0   -0.028
      187  0.000   0.003   0   -0.053
      188  0.000   0.003   0   -0.082
      189  0.000   0.003   0   -0.098
      190  0.000   0.003   0   -0.114
      191  0.000   0.003   0   -0.127
      192  0.000   0.003   0   -0.150
      193  0.000   0.003   0   -0.178
      194  0.000   0.003   0   -0.200
      195  0.000   0.003   0   -0.218
      196  0.000   0.003   0   -0.235
      197  0.000   0.003   0   -0.265
      198  0.000   0.003   0   -0.294
      199  0.001   0.004   0   -0.324
      200  0.000   0.004   0   -0.347
      201  0.002   0.006   0   -0.373
      202  0.000   0.006   0   -0.397
      203  0.000   0.006   0   -0.416
      204  0.000   0.006   0   -0.432
      205  0.000   0.006   0   -0.447
      206  0.000   0.006   0   -0.466
      207  0.000   0.006   0   -0.486
      208  0.000   0.006   0   -0.502
      209  0.000   0.006   0   -0.515
      210  0.000   0.006   0   -0.525
      211  0.000   0.006   0   -0.538
      212  0.000   0.006   0   -0.546
      213  0.000   0.006   0   -0.555
      214  0.000   0.006   0   -0.566
      215  0.000   0.006   0   -0.582
      216  0.000   0.006   0   -0.599
      217  0.000   0.006   0   -0.605
      218  0.000   0.006   0   -0.621
      219  0.000   0.006   0   -0.641
      220  0.000   0.006   0   -0.672
      221  0.000   0.006   0   -0.694
      222  0.000   0.006   0   -0.716
      223  0.000   0.006   0   -0.725
      224  0.000   0.006   0   -0.747
      225  0.000   0.006   0   -0.765
      226  0.000   0.006   0   -0.787
      227  0.000   0.006   0   -0.804
      228  0.000   0.006   0   -0.829
      229  0.000   0.006   0   -0.846
      230  0.000   0.006   0   -0.861
      231  0.000   0.006   0   -0.877
      232  0.000   0.006   0   -0.895
      233  0.000   0.006   0   -0.904
      234  0.000   0.006   0   -0.910
      235  0.000   0.006   0   -0.916
      236  0.000   0.006   0   -0.931
      237  0.000   0.006   0   -0.938
      238  0.000   0.006   0   -0.940
      239  0.000   0.006   0   -0.948
      240  0.000   0.006   0   -0.965
      241  0.000   0.006   0   -0.982
      242  0.000   0.006   0   -0.995
      243  0.000   0.006   0   -1.003
      244  0.000   0.006   0   -1.006
      245  0.000   0.006   0   -1.012
      246  0.000   0.006   0   -1.020
      247  0.000   0.006   0   -1.022
      248  0.000   0.006   0   -1.024
      249  0.000   0.006   0   -1.026
      250  0.000   0.006   0   -1.038
      251  0.000   0.006   0   -1.056
      252  0.000   0.006   0   -1.068
      253  0.000   0.006   0   -1.076
      254  0.000   0.006   0   -1.080
      255  0.000   0.006   0   -1.083
      256  0.000   0.006   0   -1.085
      257  0.000   0.006   0   -1.091
      258  0.000   0.006   0   -1.106
      259  0.000   0.006   0   -1.114
      260  0.000   0.006   0   -1.122
      261  0.000   0.006   0   -1.129
      262  0.000   0.006   0   -1.132
      263  0.000   0.006   0   -1.132
      264  0.000   0.006   0   -1.136
      265  0.000   0.006   0   -1.146
      266  0.000   0.006   0   -1.155
      267  0.000   0.006   0   -1.163
      268  0.000   0.006   0   -1.169
      269  0.000   0.006   0   -1.171
      270  0.000   0.006   0   -1.167
      271  0.000   0.006   0   -1.165
      272  0.000   0.006   0   -1.166
      273  0.000   0.006   0   -1.170
      274  0.000   0.006   0   -1.174
      275  0.000   0.006   0   -1.180
      276  0.000   0.006   0   -1.196
      277  0.000   0.006   0   -1.208
      278  0.000   0.006   0   -1.219
      279  0.000   0.006   0   -1.215
      280  0.000   0.006   0   -1.206
      281  0.000   0.006   0   -1.199
      282  0.000   0.006   0   -1.203
      283  0.000   0.006   0   -1.205
      284  0.000   0.006   0   -1.211
      285  0.000   0.006   0   -1.218
      286  0.000   0.006   0   -1.224
      287  0.000   0.006   0   -1.220
      288  0.000   0.006   0   -1.220
      289  0.000   0.006   0   -1.217
      290  0.000   0.006   0   -1.210
      291  0.000   0.006   0   -1.203
      292  0.000   0.006   0   -1.201
      293  0.000   0.006   0   -1.208
      294  0.000   0.006   0   -1.212
      295  0.000   0.006   0   -1.213
      296  0.000   0.006   0   -1.209
      297  0.000   0.006   0   -1.205
      298  0.000   0.006   0   -1.204
      299  0.000   0.006   0   -1.210
      300  0.000   0.006   0   -1.216
      301  0.001   0.007   0   -1.225
      302  0.000   0.007   0   -1.236
      303  0.000   0.007   0   -1.244
      304  0.000   0.007   0   -1.254
      305  0.000   0.007   0   -1.255
      306  0.000   0.007   0   -1.250
      307  0.000   0.007   0   -1.245
      308  0.000   0.007   0   -1.239
      309  0.000   0.007   0   -1.239
      310  0.000   0.007   0   -1.237
      311  0.000   0.007   0   -1.235
      312  0.000   0.007   0   -1.227
      313  0.000   0.007   0   -1.215
      314  0.000   0.007   0   -1.212
      315  0.000   0.006   0   -1.212
      316  0.000   0.006   0   -1.207
      317  0.000   0.006   0   -1.201
      318  0.000   0.006   0   -1.191
      319  0.000   0.005   0   -1.179
      320  0.000   0.005   0   -1.161
      321  0.000   0.005   0   -1.138
      322  0.000   0.005   0   -1.126
      323  0.001   0.006   0   -1.122
      324  0.000   0.006   0   -1.125
      325  0.000   0.006   0   -1.126
      326  0.001   0.007   0   -1.121
      327  0.000   0.007   0   -1.113
      328  0.000   0.007   0   -1.101
      329  0.000   0.007   0   -1.083
      330  0.000   0.007   0   -1.064
      331  0.143   0.150   0   -1.041
      332  0.037   0.187   0   -1.022
      333  0.011   0.198   0   -1.011
      334  0.002   0.200   0   -1.003
      335  0.000   0.200   0   -0.995
      336  0.000   0.200   0   -0.979
      337  0.000   0.200   0   -0.954
      338  0.000   0.200   0   -0.926
      339  0.000   0.200   0   -0.902
      340  0.000   0.200   0   -0.882
      341  0.000   0.200   0   -0.861
      342  0.000   0.200   0   -0.843
      343  0.000   0.200   0   -0.826
      344  0.000   0.200   0   -0.811
      345  0.000   0.200   0   -0.793
      346  0.000   0.199   0   -0.775
      347  0.000   0.199   0   -0.749
      348  0.000   0.197   0   -0.723
      349  0.003   0.200   0   -0.705
      350  0.000   0.200   0   -0.697
      351  0.000   0.200   0   -0.694
      352  0.000   0.200   0   -0.683
      353  0.000   0.200   0   -0.671
      354  0.000   0.201   0   -0.655
      355  0.002   0.202   0   -0.647
      356  0.006   0.208   0   -0.626
      357  0.578   0.786   1   -0.614
      358  0.059   0.845   1   -0.598
      359  0.011   0.856   1   -0.581
      360  0.029   0.884   1   -0.563
      361  0.013   0.897   1   -0.549
      362  0.001   0.899   1   -0.537
      363  0.002   0.900   1   -0.531
      364  0.001   0.901   1   -0.520
      365  0.008   0.909   1   -0.506
      366  0.001   0.910   1   -0.494
      367  0.000   0.911   1   -0.484
      368  0.029   0.940   1   -0.470
      369  0.003   0.943   1   -0.449
      370  0.001   0.944   1   -0.426
      371  0.007   0.951   1   -0.408
      372  0.001   0.953   1   -0.389
      373  0.003   0.956   1   -0.379
      374  0.001   0.957   1   -0.375
      375  0.001   0.958   1   -0.379
      376  0.002   0.960   1   -0.375
      377  0.004   0.963   1   -0.355
      378  0.000   0.963   1   -0.331
      379  0.000   0.963   1   -0.305
      380  0.000   0.963   1   -0.282
      381  0.000   0.963   1   -0.261
      382  0.001   0.964   1   -0.246
      383  0.000   0.964   1   -0.239
      384  0.003   0.967   1   -0.233
      385  0.003   0.970   1   -0.226
      386  0.029   0.999   1   -0.212
      387  0.000   0.999   1   -0.197
      388  0.000   0.999   1   -0.178
      389  0.000   0.999   1   -0.167
      390  0.000   0.999   1   -0.156
      391  0.000   0.999   1   -0.152
      392  0.000   0.999   1   -0.148
      393  0.000   0.999   1   -0.143
      394  0.000   0.999   1   -0.134
      395  0.000   0.999   1   -0.115
      396  0.000   1.000   1   -0.096
      397  0.000   1.000   1   -0.081
      398  0.000   1.000   1   -0.068
      399  0.000   1.000   1   -0.057
      400  0.000   1.000   1   -0.051
      401  0.000   1.000   1   -0.038
      402  0.000   1.000   1   -0.030
      403  0.000   1.000   1   -0.007
      404  0.000   1.000   1    0.019
      405  0.000   1.000   1    0.048
      406  0.000   1.000   1    0.080
      407  0.000   1.000   1    0.103
      408  0.000   1.000   1    0.123
      409  0.000   1.000   1    0.140
      410  0.000   1.000   1    0.160
      411  0.000   1.000   1    0.176
      412  0.000   1.000   1    0.196
      413  0.000   1.000   1    0.211
      414  0.000   1.000   1    0.234
      415  0.000   1.000   1    0.251
      416  0.000   1.000   1    0.267
      417  0.000   1.000   1    0.288
      418  0.000   1.000   1    0.306
      419  0.000   1.000   1    0.325
      420  0.000   1.000   1    0.339
      421  0.000   1.000   1    0.354
      422  0.000   1.000   1    0.371
      423  0.000   1.000   1    0.386
      424  0.000   1.000   1    0.394
      425  0.000   1.000   1    0.394
      426  0.000   1.000   1    0.392
      427  0.000   1.000   1    0.396
      428  0.000   1.000   1    0.411
      429  0.000   1.000   1    0.428
      430  0.000   1.000   1    0.455
      431  0.000   1.000   1    0.477
      432  0.000   1.000   1    0.493
      433  0.000   1.000   1    0.500
      434  0.000   1.000   1    0.507
      435  0.000   1.000   1    0.513
      436  0.000   1.000   1    0.522
      437  0.000   1.000   1    0.530
      438  0.000   1.000   1    0.544
      439  0.000   1.000   1    0.558
      440  0.000   1.000   1    0.575
      441  0.000   1.000   1    0.589
      442  0.000   1.000   1    0.610
      443  0.000   1.000   1    0.627
      444  0.000   1.000   1    0.646
      445  0.000   1.000   1    0.661
      446  0.000   1.000   1    0.672
      447  0.000   1.000   1    0.681
      448  0.000   0.999   1    0.689
      449  0.000   0.999   1    0.701
      450  0.000   0.999   1    0.706
      451  0.000   0.999   1    0.711
      452  0.000   0.999   1    0.717
      453  0.000   0.999   1    0.720
      454  0.000   0.999   1    0.728
      455  0.000   0.999   1    0.737
      456  0.000   0.999   1    0.744
      457  0.000   0.999   1    0.744
      458  0.000   0.999   1    0.738
      459  0.000   0.999   1    0.741
      460  0.000   0.999   1    0.747
      461  0.000   0.999   1    0.746
      462  0.000   0.999   1    0.737
      463  0.000   0.999   1    0.736
      464  0.000   0.999   1    0.732
      465  0.000   0.999   1    0.731
      466  0.000   0.999   1    0.732
      467  0.000   0.999   1    0.737
      468  0.000   0.999   1    0.741
      469  0.000   0.999   1    0.742
      470  0.000   0.998   1    0.739
      471  0.000   0.998   1    0.742
      472  0.000   0.998   1    0.741
      473  0.000   0.997   1    0.744
      474  0.000   0.997   1    0.750
      475  0.000   0.997   1    0.750
      476  0.000   0.997   1    0.749
      477  0.000   0.997   1    0.745
      478  0.000   0.854   1    0.739
      479  0.067   0.884   1    0.739
      480  0.035   0.908   1    0.748
      481  0.003   0.910   1    0.764
      482  0.002   0.911   1    0.768
      483  0.076   0.986   1    0.757
      484  0.006   0.992   1    0.750
      485  0.000   0.992   1    0.740
      486  0.000   0.992   1    0.734
      487  0.000   0.992   1    0.718
      488  0.000   0.992   1    0.711
      489  0.000   0.992   1    0.710
      490  0.000   0.992   1    0.711
      491  0.000   0.992   1    0.712
      492  0.000   0.992   1    0.711
      493  0.000   0.992   1    0.712
      494  0.000   0.992   1    0.709
      495  0.000   0.992   1    0.707
      496  0.000   0.989   1    0.699
      497  0.000   0.988   1    0.690
      498  0.000   0.988   1    0.682
      499  0.000   0.988   1    0.674
      500  0.000   0.988   1    0.665
      501  0.000   0.988   1    0.665
      502  0.000   0.986   1    0.663
      503  0.000   0.981   1    0.669
      504  0.000   0.403   0    0.665
      505  0.000   0.344   0    0.667
      506  0.000   0.333   0    0.671
      507  0.001   0.305   0    0.676
      508  0.027   0.318   0    0.681
      509  0.001   0.318   0    0.680
      510  0.000   0.317   0    0.675
      511  0.005   0.321   0    0.672
      512  0.000   0.313   0    0.672
      513  0.000   0.312   0    0.665
      514  0.000   0.312   0    0.652
      515  0.000   0.282   0    0.643
      516  0.000   0.279   0    0.641
      517  0.000   0.279   0    0.645
      518  0.000   0.271   0    0.641
      519  0.003   0.273   0    0.646
      520  0.001   0.270   0    0.653
      521  0.274   0.543   1    0.655
      522  0.029   0.571   1    0.655
      523  0.123   0.692   1    0.660
      524  0.113   0.802   1    0.663
      525  0.175   0.977   1    0.680
      526  0.008   0.985   1    0.692
      527  0.000   0.985   1    0.698
      528  0.000   0.985   1    0.704
      529  0.001   0.985   1    0.710
      530  0.001   0.986   1    0.717
      531  0.003   0.986   1    0.719
      532  0.010   0.993   1    0.723
      533  0.005   0.969   1    0.729
      534  0.022   0.991   1    0.727
      535  0.000   0.991   1    0.730
      536  0.000   0.991   1    0.729
      537  0.000   0.991   1    0.732
      538  0.001   0.992   1    0.739
      539  0.003   0.995   1    0.743
      540  0.000   0.995   1    0.741
      541  0.000   0.995   1    0.735
      542  0.000   0.995   1    0.737
      543  0.000   0.995   1    0.735
      544  0.000   0.995   1    0.731
      545  0.000   0.995   1    0.727
      546  0.000   0.995   1    0.723
      547  0.000   0.995   1    0.719
      548  0.000   0.995   1    0.716
      549  0.000   0.995   1    0.714
      550  0.005   0.999   1    0.705
      551  0.000   1.000   1    0.703
      552  0.000   1.000   1    0.702
      553  0.000   1.000   1    0.705
      554  0.000   1.000   1    0.716
      555  0.000   1.000   1    0.725
      556  0.000   1.000   1    0.734
      557  0.000   1.000   1    0.745
      558  0.000   1.000   1    0.744
      559  0.000   1.000   1    0.743
      560  0.000   1.000   1    0.730
      561  0.000   1.000   1    0.716
      562  0.000   1.000   1    0.710
      563  0.000   1.000   1    0.709
      564  0.000   1.000   1    0.711
      565  0.000   1.000   1    0.718
      566  0.000   1.000   1    0.719
      567  0.000   1.000   1    0.734
      568  0.000   1.000   1    0.748
      569  0.000   1.000   1    0.766
      570  0.000   1.000   1    0.780
      571  0.000   1.000   1    0.794
      572  0.000   1.000   1    0.804
      573  0.000   1.000   1    0.811
      574  0.000   1.000   1    0.813
      575  0.000   1.000   1    0.811
      576  0.000   1.000   1    0.814
      577  0.000   1.000   1    0.818
      578  0.000   1.000   1    0.822
      579  0.000   1.000   1    0.824
      580  0.000   1.000   1    0.815
      581  0.000   1.000   1    0.804
      582  0.000   1.000   1    0.796
      583  0.000   1.000   1    0.799
      584  0.000   1.000   1    0.801
      585  0.000   1.000   1    0.806
      586  0.000   1.000   1    0.813
      587  0.000   1.000   1    0.819
      588  0.000   1.000   1    0.824
      589  0.000   1.000   1    0.832
      590  0.000   1.000   1    0.832
      591  0.000   1.000   1    0.828
      592  0.000   1.000   1    0.828
      593  0.000   1.000   1    0.832
      594  0.000   1.000   1    0.838
      595  0.000   1.000   1    0.852
      596  0.000   1.000   1    0.874
      597  0.000   1.000   1    0.888
      598  0.000   1.000   1    0.902
      599  0.000   1.000   1    0.903
      600  0.000   1.000   1    0.903
      601  0.000   1.000   1    0.911
      602  0.000   1.000   1    0.922
      603  0.000   1.000   1    0.935
      604  0.000   1.000   1    0.946
      605  0.000   1.000   1    0.956
      606  0.000   1.000   1    0.965
      607  0.000   1.000   1    0.967
      608  0.000   1.000   1    0.962
      609  0.000   1.000   1    0.953
      610  0.000   1.000   1    0.949
      611  0.000   1.000   1    0.950
      612  0.000   1.000   1    0.948
      613  0.000   1.000   1    0.959
      614  0.000   1.000   1    0.974
      615  0.000   1.000   1    0.993
      616  0.000   1.000   1    1.013
      617  0.000   1.000   1    1.021
      618  0.000   1.000   1    1.027
      619  0.000   1.000   1    1.029
      620  0.000   1.000   1    1.025
      621  0.000   1.000   1    1.023
      622  0.000   1.000   1    1.014
      623  0.000   1.000   1    1.007
      624  0.000   1.000   1    0.999
      625  0.000   1.000   1    0.991
      626  0.000   0.933   1    0.981
      627  0.000   0.897   1    0.979
      628  0.000   0.895   1    0.982
      629  0.000   0.893   1    0.987
      630  0.000   0.818   1    0.985
      631  0.001   0.813   1    0.979
      632  0.000   0.813   1    0.971
      633  0.000   0.813   1    0.972
      634  0.000   0.813   1    0.975
      635  0.000   0.813   1    0.978
      636  0.001   0.814   1    0.980
      637  0.073   0.886   1    0.983
      638  0.102   0.988   1    0.978
      639  0.001   0.989   1    0.978
      640  0.007   0.997   1    0.974
      641  0.000   0.997   1    0.972
      642  0.000   0.997   1    0.970
      643  0.000   0.997   1    0.969
      644  0.000   0.997   1    0.973
      645  0.000   0.997   1    0.982
      646  0.000   0.997   1    0.993
      647  0.000   0.997   1    0.993
      648  0.000   0.997   1    0.991
      649  0.000   0.997   1    0.987
      650  0.000   0.997   1    0.977
      651  0.000   0.997   1    0.957
      652  0.000   0.997   1    0.941
      653  0.000   0.997   1    0.929
      654  0.000   0.997   1    0.931
      655  0.000   0.970   1    0.939
      656  0.000   0.969   1    0.939
      657  0.000   0.969   1    0.935
      658  0.000   0.964   1    0.926
      659  0.000   0.964   1    0.917
      660  0.000   0.964   1    0.913
      661  0.000   0.964   1    0.903
      662  0.000   0.964   1    0.900
      663  0.000   0.964   1    0.902
      664  0.000   0.964   1    0.901
      665  0.000   0.964   1    0.900
      666  0.000   0.961   1    0.891
      667  0.000   0.960   1    0.886
      668  0.000   0.686   0    0.875
      669  0.000   0.657   0    0.858
      670  0.000   0.534   0    0.835
      671  0.000   0.421   0    0.814
      672  0.000   0.246   0    0.811
      673  0.000   0.238   0    0.809
      674  0.000   0.238   0    0.805
      675  0.000   0.238   0    0.804
      676  0.000   0.238   0    0.807
      677  0.008   0.245   0    0.807
      678  0.016   0.258   0    0.800
      679  0.017   0.265   0    0.791
      680  0.030   0.290   0    0.779
      681  0.066   0.334   0    0.769
      682  0.664   0.998   1    0.773
      683  0.000   0.999   1    0.785
      684  0.000   0.998   1    0.794
      685  0.000   0.997   1    0.801
      686  0.001   0.996   1    0.813
      687  0.000   0.996   1    0.818
      688  0.001   0.996   1    0.817
      689  0.001   0.997   1    0.809
      690  0.001   0.998   1    0.806
      691  0.000   0.998   1    0.808
      692  0.000   0.998   1    0.807
      693  0.000   0.998   1    0.809
      694  0.002   1.000   1    0.805
      695  0.000   1.000   1    0.804
      696  0.000   1.000   1    0.798
      697  0.000   0.995   1    0.780
      698  0.003   0.997   1    0.771
      699  0.001   0.999   1    0.759
      700  0.001   0.999   1    0.748
      701  0.000   0.999   1    0.740
      702  0.000   0.999   1    0.735
      703  0.000   1.000   1    0.728
      704  0.000   1.000   1    0.718
      705  0.000   1.000   1    0.715
      706  0.000   1.000   1    0.719
      707  0.000   1.000   1    0.724
      708  0.000   1.000   1    0.726
      709  0.000   1.000   1    0.724
      710  0.000   1.000   1    0.717
      711  0.000   1.000   1    0.708
      712  0.000   1.000   1    0.700
      713  0.000   1.000   1    0.695
      714  0.000   1.000   1    0.694
      715  0.000   0.999   1    0.687
      716  0.000   0.999   1    0.689
      717  0.000   0.999   1    0.686
      718  0.000   0.999   1    0.683
      719  0.000   0.999   1    0.681
      720  0.000   0.999   1    0.681
      721  0.000   1.000   1    0.680
      722  0.000   1.000   1    0.675
      723  0.000   1.000   1    0.677
      724  0.000   1.000   1    0.684
      725  0.000   1.000   1    0.698
      726  0.000   1.000   1    0.716
      727  0.000   1.000   1    0.725
      728  0.000   1.000   1    0.731
      729  0.000   1.000   1    0.731
      730  0.000   1.000   1    0.726
      731  0.000   1.000   1    0.722
      732  0.000   1.000   1    0.719
      733  0.000   1.000   1    0.724
      734  0.000   1.000   1    0.731
      735  0.000   1.000   1    0.738
      736  0.000   1.000   1    0.746
      737  0.000   1.000   1    0.732
      738  0.000   1.000   1    0.712
      739  0.000   1.000   1    0.695
      740  0.000   1.000   1    0.689
      741  0.000   1.000   1    0.678
      742  0.000   1.000   1    0.674
      743  0.000   1.000   1    0.669
      744  0.000   1.000   1    0.671
      745  0.000   1.000   1    0.671
      746  0.000   1.000   1    0.668
      747  0.000   1.000   1    0.667
      748  0.000   1.000   1    0.655
      749  0.000   1.000   1    0.646
      750  0.000   1.000   1    0.637
      751  0.000   1.000   1    0.636
      752  0.000   1.000   1    0.648
      753  0.000   1.000   1    0.647
      754  0.000   1.000   1    0.646
      755  0.000   1.000   1    0.646
      756  0.000   1.000   1    0.645
      757  0.000   1.000   1    0.640
      758  0.000   1.000   1    0.636
      759  0.000   1.000   1    0.639
      760  0.000   1.000   1    0.633
      761  0.000   1.000   1    0.627
      762  0.000   1.000   1    0.616
      763  0.000   1.000   1    0.607
      764  0.000   1.000   1    0.602
      765  0.000   1.000   1    0.591
      766  0.000   1.000   1    0.583
      767  0.000   1.000   1    0.587
      768  0.000   1.000   1    0.589
      769  0.000   1.000   1    0.587
      770  0.000   1.000   1    0.587
      771  0.000   1.000   1    0.584
      772  0.000   1.000   1    0.581
      773  0.000   1.000   1    0.574
      774  0.000   1.000   1    0.562
      775  0.000   1.000   1    0.550
      776  0.000   1.000   1    0.544
      777  0.000   1.000   1    0.538
      778  0.000   0.999   1    0.523
      779  0.000   0.999   1    0.508
      780  0.000   1.000   1    0.495
      781  0.000   1.000   1    0.478
      782  0.000   1.000   1    0.459
      783  0.000   0.999   1    0.435
      784  0.000   0.926   1    0.425
      785  0.001   0.826   1    0.418
      786  0.001   0.826   1    0.406
      787  0.007   0.826   1    0.396
      788  0.003   0.829   1    0.391
      789  0.002   0.830   1    0.387
      790  0.009   0.839   1    0.384
      791  0.003   0.843   1    0.381
      792  0.001   0.844   1    0.386
      793  0.001   0.845   1    0.384
      794  0.000   0.845   1    0.379
      795  0.000   0.845   1    0.370
      796  0.000   0.845   1    0.370
      797  0.001   0.846   1    0.371
      798  0.000   0.846   1    0.369
      799  0.000   0.846   1    0.360
      800  0.000   0.846   1    0.350
      801  0.000   0.846   1    0.346
      802  0.000   0.846   1    0.348
      803  0.000   0.846   1    0.353
      804  0.000   0.846   1    0.357
      805  0.000   0.846   1    0.359
      806  0.000   0.847   1    0.364
      807  0.009   0.856   1    0.370
      808  0.009   0.865   1    0.379
      809  0.000   0.865   1    0.387
      810  0.000   0.865   1    0.388
      811  0.002   0.868   1    0.391
      812  0.000   0.868   1    0.401
      813  0.001   0.869   1    0.408
      814  0.004   0.873   1    0.408
      815  0.034   0.906   1    0.408
      816  0.013   0.919   1    0.411
      817  0.000   0.919   1    0.414
      818  0.000   0.919   1    0.427
      819  0.000   0.919   1    0.433
      820  0.000   0.919   1    0.444
      821  0.000   0.919   1    0.454
      822  0.000   0.919   1    0.457
      823  0.000   0.919   1    0.462
      824  0.000   0.910   1    0.469
      825  0.000   0.894   1    0.480
      826  0.000   0.877   1    0.490
      827  0.000   0.847   1    0.500
      828  0.000   0.781   1    0.511
      829  0.000   0.117   0    0.524
      830  0.000   0.117   0    0.530
      831  0.001   0.118   0    0.537
      832  0.055   0.173   0    0.543
      833  0.447   0.620   1    0.550
      834  0.053   0.672   1    0.557
      835  0.000   0.672   1    0.562
      836  0.000   0.671   1    0.571
      837  0.001   0.671   1    0.580
      838  0.017   0.688   1    0.593
      839  0.002   0.690   1    0.598
      840  0.000   0.690   1    0.603
      841  0.012   0.700   1    0.605
      842  0.287   0.987   1    0.602
      843  0.009   0.996   1    0.606
      844  0.000   0.996   1    0.603
      845  0.000   0.993   1    0.597
      846  0.000   0.992   1    0.592
      847  0.000   0.991   1    0.585
      848  0.000   0.991   1    0.585
      849  0.000   0.991   1    0.584
      850  0.000   0.991   1    0.583
      851  0.000   0.991   1    0.574
      852  0.000   0.992   1    0.567
      853  0.000   0.992   1    0.570
      854  0.000   0.992   1    0.576
      855  0.000   0.992   1    0.578
      856  0.000   0.992   1    0.577
      857  0.000   0.992   1    0.578
      858  0.000   0.992   1    0.577
      859  0.000   0.992   1    0.574
      860  0.000   0.992   1    0.575
      861  0.000   0.993   1    0.577
      862  0.001   0.993   1    0.575
      863  0.001   0.995   1    0.567
      864  0.000   0.995   1    0.560
      865  0.000   0.995   1    0.555
      866  0.000   0.995   1    0.546
      867  0.000   0.995   1    0.536
      868  0.000   0.994   1    0.526
      869  0.000   0.994   1    0.520
      870  0.000   0.994   1    0.519
      871  0.001   0.995   1    0.514
      872  0.000   0.995   1    0.509
      873  0.003   0.998   1    0.497
      874  0.002   0.999   1    0.492
      875  0.000   1.000   1    0.479
      876  0.000   1.000   1    0.473
      877  0.000   1.000   1    0.468
      878  0.000   1.000   1    0.468
      879  0.000   1.000   1    0.473
      880  0.000   1.000   1    0.470
      881  0.000   1.000   1    0.457
      882  0.000   1.000   1    0.442
      883  0.000   1.000   1    0.435
      884  0.000   1.000   1    0.434
      885  0.000   1.000   1    0.435
      886  0.000   1.000   1    0.427
      887  0.000   1.000   1    0.429
      888  0.000   1.000   1    0.433
      889  0.000   1.000   1    0.434
      890  0.000   1.000   1    0.432
      891  0.000   1.000   1    0.424
      892  0.000   1.000   1    0.412
      893  0.000   1.000   1    0.402
      894  0.000   1.000   1    0.396
      895  0.000   1.000   1    0.390
      896  0.000   1.000   1    0.388
      897  0.000   1.000   1    0.388
      898  0.000   1.000   1    0.384
      899  0.000   1.000   1    0.384
      900  0.000   1.000   1    0.387
      901  0.000   1.000   1    0.388
      902  0.000   1.000   1    0.392
      903  0.000   1.000   1    0.390
      904  0.000   1.000   1    0.396
      905  0.000   1.000   1    0.394
      906  0.000   1.000   1    0.398
      907  0.000   1.000   1    0.399
      908  0.000   1.000   1    0.394
      909  0.000   1.000   1    0.390
      910  0.000   1.000   1    0.388
      911  0.000   1.000   1    0.387
      912  0.000   1.000   1    0.381
      913  0.000   1.000   1    0.374
      914  0.000   1.000   1    0.364
      915  0.000   1.000   1    0.353
      916  0.000   1.000   1    0.340
      917  0.000   1.000   1    0.335
      918  0.000   1.000   1    0.336
      919  0.000   1.000   1    0.341
      920  0.000   1.000   1    0.347
      921  0.000   1.000   1    0.351
      922  0.000   1.000   1    0.350
      923  0.000   1.000   1    0.353
      924  0.000   1.000   1    0.356
      925  0.000   1.000   1    0.355
      926  0.000   0.999   1    0.355
      927  0.000   0.999   1    0.359
      928  0.000   0.999   1    0.356
      929  0.000   0.999   1    0.359
      930  0.000   0.999   1    0.362
      931  0.000   0.999   1    0.359
      932  0.000   0.998   1    0.351
      933  0.000   0.997   1    0.333
      934  0.000   0.989   1    0.325
      935  0.000   0.986   1    0.319
      936  0.000   0.985   1    0.325
      937  0.000   0.976   1    0.326
      938  0.000   0.972   1    0.324
      939  0.000   0.971   1    0.321
      940  0.013   0.983   1    0.319
      941  0.009   0.992   1    0.318
      942  0.000   0.992   1    0.307
      943  0.000   0.992   1    0.294
      944  0.000   0.991   1    0.289
      945  0.000   0.991   1    0.288
      946  0.000   0.991   1    0.293
      947  0.000   0.991   1    0.297
      948  0.000   0.991   1    0.304
      949  0.000   0.991   1    0.310
      950  0.000   0.991   1    0.317
      951  0.000   0.991   1    0.323
      952  0.000   0.991   1    0.324
      953  0.000   0.991   1    0.318
      954  0.000   0.981   1    0.314
      955  0.000   0.972   1    0.311
      956  0.000   0.972   1    0.316
      957  0.000   0.971   1    0.317
      958  0.000   0.969   1    0.321
      959  0.000   0.969   1    0.322
      960  0.000   0.968   1    0.319
      961  0.000   0.964   1    0.317
      962  0.000   0.931   1    0.313
      963  0.000   0.918   1    0.307
      964  0.000   0.918   1    0.295
      965  0.000   0.918   1    0.291
      966  0.000   0.918   1    0.289
      967  0.008   0.926   1    0.292
      968  0.006   0.932   1    0.297
      969  0.003   0.936   1    0.300
      970  0.003   0.938   1    0.299
      971  0.000   0.939   1    0.300
      972  0.000   0.939   1    0.293
      973  0.000   0.939   1    0.288
      974  0.000   0.939   1    0.282
      975  0.000   0.939   1    0.275
      976  0.000   0.939   1    0.279
      977  0.000   0.939   1    0.286
      978  0.000   0.938   1    0.297
      979  0.000   0.883   1    0.300
      980  0.016   0.452   0    0.301
      981  0.002   0.401   0    0.298
      982  0.009   0.410   0    0.292
      983  0.001   0.411   0    0.291
      984  0.000   0.410   0    0.284
      985  0.000   0.393   0    0.286
      986  0.000   0.391   0    0.295
      987  0.000   0.392   0    0.308
      988  0.001   0.381   0    0.317
      989  0.170   0.264   0    0.306
      990  0.459   0.713   1    0.297
      991  0.085   0.799   1    0.288
      992  0.090   0.889   1    0.288
      993  0.009   0.898   1    0.288
      994  0.001   0.898   1    0.282
      995  0.000   0.899   1    0.279
      996  0.002   0.900   1    0.278
      997  0.003   0.903   1    0.277
      998  0.001   0.904   1    0.275
      999  0.007   0.911   1    0.262
     1000  0.003   0.914   1    0.248
     1001  0.006   0.919   1    0.230
     1002  0.000   0.919   1    0.228
     1003  0.000   0.919   1    0.217
     1004  0.000   0.919   1    0.212
     1005  0.001   0.920   1    0.199
     1006  0.005   0.925   1    0.187
     1007  0.030   0.954   1    0.181
     1008  0.009   0.963   1    0.182
     1009  0.000   0.963   1    0.183
     1010  0.000   0.962   1    0.182
     1011  0.000   0.962   1    0.177
     1012  0.000   0.962   1    0.171
     1013  0.000   0.962   1    0.173
     1014  0.000   0.962   1    0.173
     1015  0.001   0.963   1    0.179
     1016  0.001   0.963   1    0.182
     1017  0.000   0.963   1    0.183
     1018  0.000   0.963   1    0.185
     1019  0.000   0.963   1    0.184
     1020  0.000   0.960   1    0.185
     1021  0.000   0.958   1    0.184
     1022  0.005   0.963   1    0.173
     1023  0.001   0.964   1    0.166
     1024  0.000   0.964   1    0.168
     1025  0.000   0.964   1    0.171
     1026  0.000   0.964   1    0.177
     1027  0.000   0.964   1    0.180
     1028  0.000   0.965   1    0.182
     1029  0.000   0.965   1    0.178
     1030  0.000   0.965   1    0.171
     1031  0.001   0.966   1    0.152
     1032  0.008   0.974   1    0.136
     1033  0.014   0.987   1    0.122
     1034  0.011   0.999   1    0.118
     1035  0.001   1.000   1    0.125
     1036  0.000   1.000   1    0.135
     1037  0.000   1.000   1    0.145
     1038  0.000   1.000   1    0.152
     1039  0.000   1.000   1    0.152
     1040  0.000   1.000   1    0.147
     1041  0.000   1.000   1    0.134
     1042  0.000   1.000   1    0.124
     1043  0.000   1.000   1    0.120
     1044  0.000   1.000   1    0.120
     1045  0.000   1.000   1    0.125
     1046  0.000   1.000   1    0.127
     1047  0.000   1.000   1    0.130
     1048  0.000   1.000   1    0.124
     1049  0.000   1.000   1    0.118
     1050  0.000   1.000   1    0.114
     1051  0.000   1.000   1    0.114
     1052  0.000   1.000   1    0.119
     1053  0.000   1.000   1    0.126
     1054  0.000   1.000   1    0.138
     1055  0.000   1.000   1    0.146
     1056  0.000   1.000   1    0.151
     1057  0.000   1.000   1    0.145
     1058  0.000   1.000   1    0.143
     1059  0.000   1.000   1    0.130
     1060  0.000   1.000   1    0.130
     1061  0.000   1.000   1    0.138
     1062  0.000   1.000   1    0.139
     1063  0.000   1.000   1    0.135
     1064  0.000   1.000   1    0.128
     1065  0.000   1.000   1    0.119
     1066  0.000   1.000   1    0.112
     1067  0.000   1.000   1    0.107
     1068  0.000   1.000   1    0.099
     1069  0.000   1.000   1    0.091
     1070  0.000   1.000   1    0.085
     1071  0.000   1.000   1    0.074
     1072  0.000   1.000   1    0.062
     1073  0.000   1.000   1    0.054
     1074  0.000   1.000   1    0.057
     1075  0.000   1.000   1    0.054
     1076  0.000   1.000   1    0.047
     1077  0.000   0.999   1    0.051
     1078  0.000   0.999   1    0.054
     1079  0.000   0.999   1    0.054
     1080  0.000   0.999   1    0.055
     1081  0.000   0.999   1    0.047
     1082  0.000   0.999   1    0.039
     1083  0.000   0.999   1    0.026
     1084  0.000   0.999   1    0.016
     1085  0.000   0.999   1    0.013
     1086  0.000   0.999   1    0.011
     1087  0.000   0.986   1    0.003
     1088  0.000   0.977   1   -0.004
     1089  0.000   0.977   1   -0.013
     1090  0.000   0.977   1   -0.028
     1091  0.000   0.977   1   -0.052
     1092  0.000   0.977   1   -0.082
     1093  0.000   0.977   1   -0.110
     1094  0.000   0.977   1   -0.137
     1095  0.000   0.977   1   -0.158
     1096  0.000   0.977   1   -0.171
     1097  0.000   0.977   1   -0.186
     1098  0.000   0.977   1   -0.205
     1099  0.000   0.977   1   -0.220
     1100  0.000   0.977   1   -0.243
     1101  0.000   0.977   1   -0.260
     1102  0.000   0.977   1   -0.285
     1103  0.000   0.977   1   -0.312
     1104  0.000   0.977   1   -0.331
     1105  0.000   0.977   1   -0.345
     1106  0.000   0.977   1   -0.358
     1107  0.000   0.977   1   -0.377
     1108  0.000   0.977   1   -0.402
     1109  0.000   0.977   1   -0.426
     1110  0.000   0.976   1   -0.451
     1111  0.000   0.976   1   -0.474
     1112  0.000   0.976   1   -0.486
     1113  0.000   0.976   1   -0.495
     1114  0.000   0.968   1   -0.505
     1115  0.000   0.962   1   -0.525
     1116  0.000   0.959   1   -0.550
     1117  0.000   0.956   1   -0.582
     1118  0.000   0.956   1   -0.614
     1119  0.000   0.955   1   -0.640
     1120  0.000   0.955   1   -0.655
     1121  0.000   0.955   1   -0.673
     1122  0.000   0.955   1   -0.693
     1123  0.000   0.955   1   -0.724
     1124  0.000   0.955   1   -0.751
     1125  0.000   0.955   1   -0.773
     1126  0.000   0.954   1   -0.794
     1127  0.000   0.938   1   -0.816
     1128  0.000   0.936   1   -0.843
     1129  0.000   0.927   1   -0.881
     1130  0.000   0.926   1   -0.915
     1131  0.000   0.926   1   -0.949
     1132  0.000   0.926   1   -0.983
     1133  0.000   0.926   1   -1.021
     1134  0.000   0.926   1   -1.064
     1135  0.000   0.925   1   -1.100
     1136  0.000   0.754   1   -1.133
     1137  0.000   0.296   0   -1.160
     1138  0.000   0.210   0   -1.183
     1139  0.000   0.120   0   -1.209
     1140  0.000   0.111   0   -1.232
     1141  0.000   0.111   0   -1.259
     1142  0.000   0.111   0   -1.277
     1143  0.000   0.109   0   -1.299
     1144  0.000   0.106   0   -1.330
     1145  0.000   0.105   0   -1.362
     1146  0.000   0.098   0   -1.391
     1147  0.000   0.095   0   -1.409
     1148  0.000   0.089   0   -1.430
     1149  0.000   0.089   0   -1.449
     1150  0.000   0.089   0   -1.479
     1151  0.000   0.089   0   -1.508
     1152  0.000   0.089   0   -1.538
     1153  0.000   0.083   0   -1.564
     1154  0.000   0.054   0   -1.591
     1155  0.000   0.044   0   -1.621
     1156  0.000   0.044   0   -1.660
     1157  0.000   0.044   0   -1.699
     1158  0.000   0.044   0   -1.728
     1159  0.000   0.044   0   -1.766
     1160  0.000   0.044   0   -1.805
     1161  0.000   0.044   0   -1.847
     1162  0.000   0.043   0   -1.892
     1163  0.000   0.042   0   -1.929
     1164  0.000   0.042   0   -1.963
     1165  0.000   0.042   0   -1.994
     1166  0.000   0.042   0   -2.018
     1167  0.000   0.042   0   -2.055
     1168  0.000   0.042   0   -2.099
     1169  0.000   0.037   0   -2.136
     1170  0.000   0.036   0   -2.165
     1171  0.000   0.036   0   -2.191
     1172  0.000   0.036   0   -2.204
     1173  0.000   0.036   0   -2.219
     1174  0.000   0.036   0   -2.239
     1175  0.000   0.035   0   -2.271
     1176  0.000   0.035   0   -2.303
     1177  0.000   0.035   0   -2.330
     1178  0.000   0.034   0   -2.349
     1179  0.000   0.026   0   -2.373
     1180  0.000   0.012   0   -2.398
     1181  0.000   0.001   0   -2.423
     1182  0.000   0.000   0   -2.444
     1183  0.000   0.000   0   -2.464
     1184  0.000   0.000   0   -2.479
     1185  0.000   0.000   0   -2.491
     1186  0.000   0.000   0   -2.504
     1187  0.000   0.000   0   -2.521
     1188  0.000   0.000   0   -2.541
     1189  0.000   0.000   0   -2.556
     1190  0.000   0.000   0   -2.572
     1191  0.000   0.000   0   -2.583
     1192  0.000   0.000   0   -2.595
     1193  0.000   0.000   0   -2.610
     1194  0.000   0.000   0   -2.635
     1195  0.000   0.000   0   -2.663
     1196  0.000   0.000   0   -2.682
     1197  0.000   0.000   0   -2.706
     1198  0.000   0.000   0   -2.726
     1199  0.000   0.000   0   -2.745
     1200  0.000   0.000   0   -2.766
     1201  0.000   0.000   0   -2.778
     1202  0.000   0.000   0   -2.792
     1203  0.000   0.000   0   -2.800
     1204  0.000   0.000   0   -2.801
     1205  0.000   0.000   0   -2.795
     1206  0.000   0.000   0   -2.795
     1207  0.000   0.000   0   -2.800
     1208  0.000   0.000   0   -2.803
     1209  0.000   0.000   0   -2.808
     1210  0.000   0.000   0   -2.806
     1211  0.000   0.000   0   -2.802
     1212  0.000   0.000   0   -2.789
     1213  0.000   0.000   0   -2.779
     1214  0.000   0.000   0   -2.768
     1215  0.000   0.000   0   -2.763
     1216  0.000   0.000   0   -2.757
     1217  0.000   0.000   0   -2.749
     1218  0.000   0.000   0   -2.743
     1219  0.000   0.000   0   -2.741
     1220  0.000   0.000   0   -2.740
     1221  0.000   0.000   0   -2.748
     1222  0.000   0.000   0   -2.743
     1223  0.000   0.000   0   -2.733
     1224  0.000   0.000   0   -2.725
     1225  0.000   0.000   0   -2.723
     1226  0.000   0.000   0   -2.723
     1227  0.000   0.000   0   -2.726
     1228  0.000   0.000   0   -2.728
     1229  0.000   0.000   0   -2.727
     1230  0.000   0.000   0   -2.724
     1231  0.000   0.000   0   -2.719
     1232  0.000   0.000   0   -2.718
     1233  0.000   0.000   0   -2.721
     1234  0.000   0.000   0   -2.722
     1235  0.000   0.000   0   -2.725
     1236  0.000   0.000   0   -2.727
     1237  0.000   0.000   0   -2.727
     1238  0.000   0.000   0   -2.725
     1239  0.000   0.000   0   -2.724
     1240  0.000   0.000   0   -2.726
     1241  0.000   0.000   0   -2.731
     1242  0.000   0.000   0   -2.733
     1243  0.000   0.000   0   -2.726
     1244  0.000   0.000   0   -2.725
     1245  0.000   0.000   0   -2.730
     1246  0.000   0.000   0   -2.745
     1247  0.000   0.000   0   -2.757
     1248  0.000   0.000   0   -2.767
     1249  0.000   0.000   0   -2.754
     1250  0.000   0.000   0   -2.740
     1251  0.000   0.000   0    NA
     1252  0.000   0.000   0    NA
     1253  0.000   0.000   0    NA
     1254  0.000   0.000   0    NA
     1255  0.000   0.000   0    NA
     1256  0.000   0.000   0    NA
     1257  0.000   0.000   0    NA
     1258  0.000   0.000   0    NA
     1259  0.000   0.000   0    NA
     1260  0.000   0.000   0    NA
     1261  0.000   0.000   0    NA
     1262  0.000   0.000   0    NA
     1263  0.000   0.000   0    NA
     1264  0.000   0.000   0    NA
     1265  0.000   0.000   0    NA
     1266  0.000   0.000   0    NA
     1267  0.000   0.000   0    NA
     1268  0.000   0.000   0    NA
     1269  0.000   0.000   0    NA
     1270  0.000   0.000   0    NA
     1271  0.000   0.000   0    NA
     1272  0.000   0.000   0    NA
     1273  0.000   0.000   0    NA
     1274  0.000   0.000   0    NA
     1275  0.000   0.000   0    NA
     1276  0.000   0.000   0    NA
     1277  0.000   0.000   0    NA
     1278  0.000   0.000   0    NA
     1279  0.000   0.000   0    NA
     1280  0.000   0.000   0    NA
     1281  0.000   0.000   0    NA
     1282  0.000   0.000   0    NA
     1283  0.000   0.000   0    NA
     1284  0.000   0.000   0    NA
     1285  0.000   0.000   0    NA
     1286  0.000   0.000   0    NA
     1287  0.000   0.000   0    NA
     1288  0.000   0.000   0    NA
     1289  0.000   0.000   0    NA
     1290  0.000   0.000   0    NA
     1291  0.000   0.000   0    NA
     1292  0.000   0.000   0    NA
     1293  0.000   0.000   0    NA
     1294  0.000   0.000   0    NA
     1295  0.000   0.000   0    NA
     1296  0.000   0.000   0    NA
     1297  0.000   0.000   0    NA
     1298  0.000   0.000   0    NA
     1299  0.000   0.000   0    NA
     1300  0.000   0.000   0    NA
     1301  0.000   0.000   0    NA
     1302  0.000   0.000   0    NA
     1303  0.000   0.000   0    NA
     1304  0.000   0.000   0    NA
     1305  0.000   0.000   0    NA
     1306  0.000   0.000   0    NA
     1307  0.000   0.000   0    NA
     1308  0.000   0.000   0    NA
     1309  0.000   0.000   0    NA
     1310  0.000   0.000   0    NA
     1311  0.000   0.000   0    NA
     1312  0.000   0.000   0    NA
     1313  0.000   0.000   0    NA
     1314  0.000   0.000   0    NA
     1315  0.000   0.000   0    NA
     1316  0.000   0.000   0    NA
     1317  0.000   0.000   0    NA
     1318  0.000   0.000   0    NA
     1319  0.000   0.000   0    NA
     1320  0.000   0.000   0    NA
     1321  0.000   0.000   0    NA
     1322  0.000   0.000   0    NA
     1323  0.000   0.000   0    NA
