 Position  P-start Occup  N/L  Affinity
        1  0.000   0.000   0    NA
        2  0.001   0.001   0    NA
        3  0.008   0.008   0    NA
        4  0.004   0.013   0    NA
        5  0.004   0.017   0    NA
        6  0.002   0.019   0    NA
        7  0.025   0.044   0    NA
        8  0.063   0.107   0    NA
        9  0.301   0.409   1    NA
       10  0.120   0.529   1    NA
       11  0.004   0.533   1    NA
       12  0.000   0.533   1    NA
       13  0.001   0.534   1    NA
       14  0.007   0.541   1    NA
       15  0.002   0.543   1    NA
       16  0.006   0.549   1    NA
       17  0.000   0.549   1    NA
       18  0.000   0.549   1    NA
       19  0.000   0.549   1    NA
       20  0.000   0.550   1    NA
       21  0.002   0.551   1    NA
       22  0.005   0.556   1    NA
       23  0.012   0.568   1    NA
       24  0.003   0.571   1    NA
       25  0.000   0.571   1    NA
       26  0.006   0.577   1    NA
       27  0.041   0.618   1    NA
       28  0.056   0.674   1    NA
       29  0.001   0.675   1    NA
       30  0.041   0.716   1    NA
       31  0.000   0.716   1    NA
       32  0.005   0.721   1    NA
       33  0.001   0.723   1    NA
       34  0.003   0.725   1    NA
       35  0.001   0.727   1    NA
       36  0.002   0.728   1    NA
       37  0.133   0.861   1    NA
       38  0.100   0.961   1    NA
       39  0.034   0.995   1    NA
       40  0.001   0.996   1    NA
       41  0.001   0.996   1    NA
       42  0.000   0.997   1    NA
       43  0.000   0.997   1    NA
       44  0.000   0.997   1    NA
       45  0.000   0.997   1    NA
       46  0.000   0.997   1    NA
       47  0.000   0.997   1    NA
       48  0.000   0.997   1    NA
       49  0.000   0.997   1    NA
       50  0.000   0.997   1    NA
       51  0.000   0.997   1    NA
       52  0.000   0.997   1    NA
       53  0.000   0.997   1    NA
       54  0.000   0.997   1    NA
       55  0.000   0.997   1    NA
       56  0.000   0.997   1    NA
       57  0.000   0.997   1    NA
       58  0.000   0.997   1    NA
       59  0.000   0.997   1    NA
       60  0.003   1.000   1    NA
       61  0.000   1.000   1    NA
       62  0.000   1.000   1    NA
       63  0.000   1.000   1    NA
       64  0.000   1.000   1    NA
       65  0.000   1.000   1    NA
       66  0.000   1.000   1    NA
       67  0.000   1.000   1    NA
       68  0.000   1.000   1    NA
       69  0.000   1.000   1    NA
       70  0.000   1.000   1    NA
       71  0.000   1.000   1    NA
       72  0.000   1.000   1    NA
       73  0.000   1.000   1    NA
       74  0.000   1.000   1    0.637
       75  0.000   1.000   1    0.636
       76  0.000   1.000   1    0.643
       77  0.000   1.000   1    0.632
       78  0.000   1.000   1    0.634
       79  0.000   1.000   1    0.634
       80  0.000   1.000   1    0.636
       81  0.000   1.000   1    0.635
       82  0.000   1.000   1    0.635
       83  0.000   1.000   1    0.645
       84  0.000   1.000   1    0.654
       85  0.000   1.000   1    0.659
       86  0.000   1.000   1    0.656
       87  0.000   1.000   1    0.654
       88  0.000   1.000   1    0.653
       89  0.000   1.000   1    0.650
       90  0.000   1.000   1    0.644
       91  0.000   1.000   1    0.632
       92  0.000   1.000   1    0.620
       93  0.000   1.000   1    0.609
       94  0.000   1.000   1    0.599
       95  0.000   1.000   1    0.589
       96  0.000   1.000   1    0.575
       97  0.000   1.000   1    0.562
       98  0.000   1.000   1    0.549
       99  0.000   1.000   1    0.543
      100  0.000   1.000   1    0.538
      101  0.000   1.000   1    0.529
      102  0.000   1.000   1    0.517
      103  0.000   1.000   1    0.504
      104  0.000   1.000   1    0.493
      105  0.000   1.000   1    0.484
      106  0.000   1.000   1    0.485
      107  0.000   1.000   1    0.482
      108  0.000   1.000   1    0.473
      109  0.000   1.000   1    0.454
      110  0.000   1.000   1    0.435
      111  0.000   1.000   1    0.413
      112  0.000   1.000   1    0.398
      113  0.000   1.000   1    0.390
      114  0.000   1.000   1    0.381
      115  0.000   1.000   1    0.368
      116  0.000   1.000   1    0.354
      117  0.000   1.000   1    0.335
      118  0.000   1.000   1    0.319
      119  0.000   1.000   1    0.298
      120  0.000   1.000   1    0.274
      121  0.000   1.000   1    0.252
      122  0.000   1.000   1    0.233
      123  0.000   1.000   1    0.206
      124  0.000   1.000   1    0.175
      125  0.000   1.000   1    0.152
      126  0.000   1.000   1    0.140
      127  0.000   1.000   1    0.124
      128  0.000   1.000   1    0.098
      129  0.000   1.000   1    0.069
      130  0.000   1.000   1    0.049
      131  0.000   1.000   1    0.029
      132  0.000   1.000   1    0.019
      133  0.000   1.000   1   -0.000
      134  0.000   1.000   1   -0.024
      135  0.000   1.000   1   -0.048
      136  0.000   1.000   1   -0.066
      137  0.000   1.000   1   -0.084
      138  0.000   1.000   1   -0.112
      139  0.000   1.000   1   -0.141
      140  0.000   1.000   1   -0.170
      141  0.000   1.000   1   -0.193
      142  0.000   1.000   1   -0.218
      143  0.000   1.000   1   -0.244
      144  0.000   1.000   1   -0.264
      145  0.000   1.000   1   -0.281
      146  0.000   1.000   1   -0.293
      147  0.000   1.000   1   -0.308
      148  0.000   1.000   1   -0.328
      149  0.000   0.999   1   -0.348
      150  0.000   0.992   1   -0.361
      151  0.000   0.987   1   -0.371
      152  0.000   0.983   1   -0.384
      153  0.000   0.981   1   -0.395
      154  0.000   0.956   1   -0.406
      155  0.000   0.893   1   -0.421
      156  0.000   0.591   0   -0.439
      157  0.000   0.471   0   -0.460
      158  0.000   0.467   0   -0.472
      159  0.000   0.467   0   -0.489
      160  0.000   0.466   0   -0.508
      161  0.000   0.459   0   -0.539
      162  0.000   0.457   0   -0.561
      163  0.000   0.451   0   -0.583
      164  0.000   0.451   0   -0.592
      165  0.000   0.451   0   -0.613
      166  0.000   0.451   0   -0.631
      167  0.000   0.450   0   -0.653
      168  0.000   0.449   0   -0.670
      169  0.000   0.444   0   -0.695
      170  0.000   0.432   0   -0.712
      171  0.000   0.429   0   -0.726
      172  0.000   0.429   0   -0.742
      173  0.000   0.423   0   -0.761
      174  0.000   0.382   0   -0.770
      175  0.000   0.326   0   -0.776
      176  0.000   0.325   0   -0.782
      177  0.000   0.284   0   -0.797
      178  0.000   0.284   0   -0.804
      179  0.000   0.279   0   -0.806
      180  0.000   0.277   0   -0.813
      181  0.000   0.275   0   -0.830
      182  0.000   0.273   0   -0.848
      183  0.000   0.272   0   -0.860
      184  0.000   0.139   0   -0.868
      185  0.000   0.039   0   -0.871
      186  0.000   0.005   0   -0.877
      187  0.000   0.004   0   -0.884
      188  0.000   0.004   0   -0.887
      189  0.000   0.003   0   -0.888
      190  0.000   0.003   0   -0.891
      191  0.000   0.003   0   -0.903
      192  0.000   0.003   0   -0.920
      193  0.000   0.003   0   -0.933
      194  0.000   0.003   0   -0.941
      195  0.000   0.003   0   -0.944
      196  0.000   0.003   0   -0.947
      197  0.000   0.003   0   -0.950
      198  0.000   0.003   0   -0.956
      199  0.000   0.003   0   -0.970
      200  0.000   0.003   0   -0.978
      201  0.000   0.003   0   -0.987
      202  0.000   0.003   0   -0.993
      203  0.000   0.003   0   -0.996
      204  0.000   0.003   0   -0.996
      205  0.000   0.003   0   -1.001
      206  0.000   0.003   0   -1.010
      207  0.000   0.000   0   -1.019
      208  0.000   0.000   0   -1.027
      209  0.000   0.000   0   -1.033
      210  0.000   0.000   0   -1.035
      211  0.000   0.000   0   -1.031
      212  0.000   0.000   0   -1.029
      213  0.000   0.000   0   -1.030
      214  0.000   0.000   0   -1.034
      215  0.000   0.000   0   -1.038
      216  0.000   0.000   0   -1.044
      217  0.000   0.000   0   -1.060
      218  0.000   0.000   0   -1.072
      219  0.000   0.000   0   -1.083
      220  0.000   0.000   0   -1.079
      221  0.000   0.000   0   -1.070
      222  0.000   0.000   0   -1.062
      223  0.000   0.000   0   -1.067
      224  0.000   0.000   0   -1.069
      225  0.000   0.000   0   -1.075
      226  0.000   0.000   0   -1.082
      227  0.000   0.000   0   -1.088
      228  0.000   0.000   0   -1.084
      229  0.000   0.000   0   -1.083
      230  0.000   0.000   0   -1.080
      231  0.000   0.000   0   -1.074
      232  0.000   0.000   0   -1.067
      233  0.000   0.000   0   -1.065
      234  0.000   0.000   0   -1.071
      235  0.000   0.000   0   -1.076
      236  0.000   0.000   0   -1.077
      237  0.000   0.000   0   -1.073
      238  0.000   0.000   0   -1.069
      239  0.000   0.000   0   -1.067
      240  0.000   0.000   0   -1.074
      241  0.000   0.000   0   -1.080
      242  0.001   0.001   0   -1.089
      243  0.000   0.001   0   -1.100
      244  0.000   0.001   0   -1.108
      245  0.000   0.001   0   -1.118
      246  0.000   0.001   0   -1.119
      247  0.000   0.001   0   -1.114
      248  0.000   0.001   0   -1.108
      249  0.000   0.001   0   -1.103
      250  0.000   0.001   0   -1.103
      251  0.000   0.001   0   -1.101
      252  0.000   0.001   0   -1.098
      253  0.000   0.001   0   -1.090
      254  0.000   0.001   0   -1.079
      255  0.000   0.001   0   -1.075
      256  0.000   0.001   0   -1.076
      257  0.000   0.001   0   -1.071
      258  0.000   0.001   0   -1.065
      259  0.000   0.001   0   -1.055
      260  0.000   0.001   0   -1.043
      261  0.000   0.001   0   -1.025
      262  0.000   0.001   0   -1.002
      263  0.000   0.001   0   -0.991
      264  0.001   0.002   0   -0.987
      265  0.000   0.002   0   -0.990
      266  0.000   0.002   0   -0.991
      267  0.001   0.003   0   -0.985
      268  0.000   0.003   0   -0.977
      269  0.000   0.003   0   -0.965
      270  0.000   0.003   0   -0.948
      271  0.000   0.003   0   -0.929
      272  0.138   0.141   0   -0.906
      273  0.036   0.177   0   -0.887
      274  0.010   0.187   0   -0.876
      275  0.002   0.189   0   -0.868
      276  0.000   0.189   0   -0.860
      277  0.000   0.189   0   -0.844
      278  0.000   0.189   0   -0.819
      279  0.000   0.189   0   -0.792
      280  0.000   0.189   0   -0.767
      281  0.000   0.189   0   -0.748
      282  0.000   0.189   0   -0.726
      283  0.000   0.189   0   -0.709
      284  0.000   0.189   0   -0.692
      285  0.000   0.189   0   -0.677
      286  0.000   0.189   0   -0.660
      287  0.000   0.189   0   -0.642
      288  0.000   0.189   0   -0.616
      289  0.000   0.190   0   -0.589
      290  0.003   0.193   0   -0.572
      291  0.000   0.193   0   -0.563
      292  0.000   0.193   0   -0.560
      293  0.000   0.193   0   -0.550
      294  0.000   0.193   0   -0.538
      295  0.000   0.193   0   -0.522
      296  0.002   0.195   0   -0.514
      297  0.006   0.201   0   -0.494
      298  0.583   0.784   1   -0.481
      299  0.060   0.843   1   -0.466
      300  0.011   0.854   1   -0.449
      301  0.029   0.883   1   -0.431
      302  0.013   0.896   1   -0.417
      303  0.001   0.898   1   -0.405
      304  0.002   0.899   1   -0.398
      305  0.001   0.900   1   -0.388
      306  0.008   0.908   1   -0.374
      307  0.001   0.909   1   -0.362
      308  0.000   0.910   1   -0.352
      309  0.030   0.939   1   -0.338
      310  0.003   0.943   1   -0.318
      311  0.001   0.943   1   -0.294
      312  0.008   0.951   1   -0.277
      313  0.001   0.953   1   -0.258
      314  0.003   0.956   1   -0.248
      315  0.001   0.957   1   -0.244
      316  0.001   0.958   1   -0.248
      317  0.002   0.960   1   -0.244
      318  0.004   0.963   1   -0.224
      319  0.000   0.963   1   -0.200
      320  0.000   0.963   1   -0.174
      321  0.000   0.963   1   -0.151
      322  0.000   0.963   1   -0.130
      323  0.001   0.964   1   -0.116
      324  0.000   0.964   1   -0.109
      325  0.003   0.967   1   -0.102
      326  0.003   0.970   1   -0.095
      327  0.029   0.999   1   -0.081
      328  0.000   0.999   1   -0.067
      329  0.000   0.999   1   -0.048
      330  0.000   0.999   1   -0.037
      331  0.000   0.999   1   -0.026
      332  0.000   0.999   1   -0.022
      333  0.000   0.999   1   -0.018
      334  0.000   0.999   1   -0.013
      335  0.000   0.999   1   -0.004
      336  0.000   0.999   1    0.015
      337  0.000   1.000   1    0.033
      338  0.000   1.000   1    0.049
      339  0.000   1.000   1    0.061
      340  0.000   1.000   1    0.072
      341  0.000   1.000   1    0.079
      342  0.000   1.000   1    0.091
      343  0.000   1.000   1    0.100
      344  0.000   1.000   1    0.122
      345  0.000   1.000   1    0.148
      346  0.000   1.000   1    0.177
      347  0.000   1.000   1    0.209
      348  0.000   1.000   1    0.232
      349  0.000   1.000   1    0.251
      350  0.000   1.000   1    0.269
      351  0.000   1.000   1    0.289
      352  0.000   1.000   1    0.304
      353  0.000   1.000   1    0.324
      354  0.000   1.000   1    0.339
      355  0.000   1.000   1    0.361
      356  0.000   1.000   1    0.378
      357  0.000   1.000   1    0.395
      358  0.000   1.000   1    0.416
      359  0.000   1.000   1    0.433
      360  0.000   1.000   1    0.452
      361  0.000   1.000   1    0.466
      362  0.000   1.000   1    0.481
      363  0.000   1.000   1    0.498
      364  0.000   1.000   1    0.513
      365  0.000   1.000   1    0.521
      366  0.000   1.000   1    0.521
      367  0.000   1.000   1    0.519
      368  0.000   1.000   1    0.523
      369  0.000   1.000   1    0.537
      370  0.000   1.000   1    0.554
      371  0.000   1.000   1    0.582
      372  0.000   1.000   1    0.603
      373  0.000   1.000   1    0.619
      374  0.000   1.000   1    0.626
      375  0.000   1.000   1    0.633
      376  0.000   1.000   1    0.639
      377  0.000   1.000   1    0.648
      378  0.000   1.000   1    0.656
      379  0.000   1.000   1    0.669
      380  0.000   1.000   1    0.684
      381  0.000   1.000   1    0.701
      382  0.000   1.000   1    0.715
      383  0.000   1.000   1    0.735
      384  0.000   1.000   1    0.752
      385  0.000   1.000   1    0.771
      386  0.000   1.000   1    0.787
      387  0.000   1.000   1    0.797
      388  0.000   1.000   1    0.806
      389  0.000   0.999   1    0.814
      390  0.000   0.999   1    0.826
      391  0.000   0.999   1    0.831
      392  0.000   0.999   1    0.836
      393  0.000   0.999   1    0.841
      394  0.000   0.999   1    0.845
      395  0.000   0.999   1    0.853
      396  0.000   0.999   1    0.861
      397  0.000   0.999   1    0.868
      398  0.000   0.999   1    0.868
      399  0.000   0.999   1    0.863
      400  0.000   0.999   1    0.866
      401  0.000   0.999   1    0.872
      402  0.000   0.999   1    0.871
      403  0.000   0.999   1    0.862
      404  0.000   0.999   1    0.861
      405  0.000   0.999   1    0.857
      406  0.000   0.999   1    0.856
      407  0.000   0.999   1    0.856
      408  0.000   0.999   1    0.862
      409  0.000   0.999   1    0.866
      410  0.000   0.999   1    0.866
      411  0.000   0.998   1    0.864
      412  0.000   0.998   1    0.867
      413  0.000   0.998   1    0.866
      414  0.000   0.997   1    0.869
      415  0.000   0.997   1    0.874
      416  0.000   0.997   1    0.875
      417  0.000   0.997   1    0.874
      418  0.000   0.997   1    0.869
      419  0.000   0.859   1    0.864
      420  0.065   0.888   1    0.864
      421  0.034   0.912   1    0.872
      422  0.003   0.913   1    0.888
      423  0.001   0.914   1    0.893
      424  0.073   0.987   1    0.882
      425  0.006   0.992   1    0.874
      426  0.000   0.992   1    0.865
      427  0.000   0.992   1    0.858
      428  0.000   0.992   1    0.843
      429  0.000   0.992   1    0.836
      430  0.000   0.992   1    0.835
      431  0.000   0.992   1    0.836
      432  0.000   0.992   1    0.837
      433  0.000   0.992   1    0.836
      434  0.000   0.992   1    0.837
      435  0.000   0.992   1    0.834
      436  0.000   0.992   1    0.832
      437  0.000   0.989   1    0.824
      438  0.000   0.988   1    0.815
      439  0.000   0.988   1    0.807
      440  0.000   0.988   1    0.799
      441  0.000   0.988   1    0.790
      442  0.000   0.988   1    0.790
      443  0.000   0.987   1    0.789
      444  0.000   0.981   1    0.794
      445  0.000   0.398   0    0.791
      446  0.000   0.338   0    0.793
      447  0.000   0.327   0    0.796
      448  0.001   0.299   0    0.801
      449  0.027   0.313   0    0.806
      450  0.001   0.312   0    0.805
      451  0.000   0.311   0    0.800
      452  0.005   0.315   0    0.797
      453  0.000   0.307   0    0.797
      454  0.000   0.306   0    0.791
      455  0.000   0.306   0    0.777
      456  0.000   0.276   0    0.769
      457  0.000   0.273   0    0.766
      458  0.000   0.272   0    0.770
      459  0.000   0.264   0    0.766
      460  0.003   0.266   0    0.771
      461  0.001   0.263   0    0.778
      462  0.276   0.539   1    0.780
      463  0.029   0.567   1    0.780
      464  0.124   0.689   1    0.785
      465  0.114   0.800   1    0.788
      466  0.177   0.977   1    0.805
      467  0.008   0.985   1    0.817
      468  0.000   0.985   1    0.824
      469  0.000   0.985   1    0.829
      470  0.001   0.985   1    0.835
      471  0.001   0.986   1    0.842
      472  0.003   0.986   1    0.844
      473  0.010   0.993   1    0.848
      474  0.005   0.969   1    0.853
      475  0.022   0.990   1    0.852
      476  0.000   0.990   1    0.855
      477  0.000   0.990   1    0.853
      478  0.000   0.991   1    0.857
      479  0.001   0.992   1    0.864
      480  0.003   0.995   1    0.867
      481  0.000   0.995   1    0.866
      482  0.000   0.995   1    0.859
      483  0.000   0.995   1    0.861
      484  0.000   0.994   1    0.860
      485  0.000   0.994   1    0.856
      486  0.000   0.994   1    0.852
      487  0.000   0.994   1    0.848
      488  0.000   0.994   1    0.844
      489  0.000   0.994   1    0.841
      490  0.000   0.994   1    0.839
      491  0.005   0.999   1    0.830
      492  0.000   0.999   1    0.828
      493  0.000   1.000   1    0.827
      494  0.000   1.000   1    0.830
      495  0.000   1.000   1    0.841
      496  0.000   1.000   1    0.850
      497  0.000   1.000   1    0.859
      498  0.000   0.999   1    0.870
      499  0.000   0.999   1    0.869
      500  0.000   0.999   1    0.867
      501  0.000   0.999   1    0.855
      502  0.000   0.999   1    0.841
      503  0.000   0.999   1    0.835
      504  0.000   0.999   1    0.834
      505  0.000   0.999   1    0.836
      506  0.000   0.999   1    0.843
      507  0.000   0.999   1    0.844
      508  0.000   1.000   1    0.858
      509  0.000   1.000   1    0.872
      510  0.000   1.000   1    0.891
      511  0.000   1.000   1    0.904
      512  0.000   1.000   1    0.918
      513  0.000   1.000   1    0.929
      514  0.000   1.000   1    0.935
      515  0.000   1.000   1    0.937
      516  0.000   1.000   1    0.935
      517  0.000   1.000   1    0.939
      518  0.000   1.000   1    0.943
      519  0.000   1.000   1    0.946
      520  0.000   1.000   1    0.948
      521  0.000   1.000   1    0.939
      522  0.000   1.000   1    0.929
      523  0.000   1.000   1    0.921
      524  0.000   1.000   1    0.924
      525  0.000   1.000   1    0.925
      526  0.000   1.000   1    0.931
      527  0.000   1.000   1    0.938
      528  0.000   1.000   1    0.944
      529  0.000   1.000   1    0.948
      530  0.000   1.000   1    0.956
      531  0.000   1.000   1    0.956
      532  0.000   1.000   1    0.952
      533  0.000   1.000   1    0.952
      534  0.000   1.000   1    0.956
      535  0.000   1.000   1    0.962
      536  0.000   1.000   1    0.977
      537  0.000   1.000   1    0.998
      538  0.000   1.000   1    1.012
      539  0.000   1.000   1    1.026
      540  0.000   1.000   1    1.027
      541  0.000   1.000   1    1.027
      542  0.000   1.000   1    1.034
      543  0.000   1.000   1    1.046
      544  0.000   1.000   1    1.059
      545  0.000   1.000   1    1.070
      546  0.000   1.000   1    1.079
      547  0.000   1.000   1    1.088
      548  0.000   1.000   1    1.091
      549  0.000   1.000   1    1.086
      550  0.000   1.000   1    1.076
      551  0.000   1.000   1    1.072
      552  0.000   1.000   1    1.073
      553  0.000   1.000   1    1.072
      554  0.000   1.000   1    1.083
      555  0.000   1.000   1    1.098
      556  0.000   1.000   1    1.116
      557  0.000   1.000   1    1.136
      558  0.000   1.000   1    1.144
      559  0.000   1.000   1    1.150
      560  0.000   1.000   1    1.152
      561  0.000   1.000   1    1.148
      562  0.000   1.000   1    1.146
      563  0.000   1.000   1    1.138
      564  0.000   1.000   1    1.130
      565  0.000   1.000   1    1.122
      566  0.000   1.000   1    1.114
      567  0.000   0.935   1    1.105
      568  0.000   0.901   1    1.103
      569  0.000   0.899   1    1.105
      570  0.000   0.897   1    1.111
      571  0.000   0.824   1    1.108
      572  0.001   0.820   1    1.102
      573  0.000   0.820   1    1.094
      574  0.000   0.820   1    1.095
      575  0.000   0.820   1    1.099
      576  0.000   0.820   1    1.101
      577  0.001   0.821   1    1.103
      578  0.070   0.891   1    1.106
      579  0.098   0.989   1    1.101
      580  0.001   0.989   1    1.101
      581  0.007   0.997   1    1.097
      582  0.000   0.997   1    1.096
      583  0.000   0.997   1    1.093
      584  0.000   0.997   1    1.092
      585  0.000   0.997   1    1.097
      586  0.000   0.997   1    1.105
      587  0.000   0.997   1    1.116
      588  0.000   0.997   1    1.116
      589  0.000   0.997   1    1.114
      590  0.000   0.997   1    1.110
      591  0.000   0.997   1    1.101
      592  0.000   0.997   1    1.080
      593  0.000   0.997   1    1.065
      594  0.000   0.997   1    1.052
      595  0.000   0.997   1    1.055
      596  0.000   0.970   1    1.063
      597  0.000   0.969   1    1.063
      598  0.000   0.969   1    1.059
      599  0.000   0.964   1    1.050
      600  0.000   0.964   1    1.040
      601  0.000   0.963   1    1.036
      602  0.000   0.964   1    1.026
      603  0.000   0.964   1    1.024
      604  0.000   0.964   1    1.025
      605  0.000   0.964   1    1.025
      606  0.000   0.963   1    1.024
      607  0.000   0.960   1    1.015
      608  0.000   0.960   1    1.010
      609  0.000   0.684   0    0.999
      610  0.000   0.654   0    0.982
      611  0.000   0.530   0    0.960
      612  0.000   0.416   0    0.938
      613  0.000   0.239   0    0.935
      614  0.000   0.231   0    0.933
      615  0.000   0.232   0    0.930
      616  0.000   0.231   0    0.929
      617  0.000   0.231   0    0.931
      618  0.009   0.238   0    0.932
      619  0.016   0.252   0    0.925
      620  0.017   0.258   0    0.915
      621  0.031   0.284   0    0.904
      622  0.067   0.329   0    0.893
      623  0.669   0.998   1    0.897
      624  0.000   0.999   1    0.910
      625  0.000   0.998   1    0.918
      626  0.000   0.997   1    0.926
      627  0.001   0.996   1    0.937
      628  0.000   0.996   1    0.942
      629  0.001   0.996   1    0.941
      630  0.001   0.997   1    0.934
      631  0.001   0.998   1    0.930
      632  0.000   0.998   1    0.932
      633  0.000   0.998   1    0.931
      634  0.000   0.998   1    0.933
      635  0.002   1.000   1    0.930
      636  0.000   1.000   1    0.928
      637  0.000   1.000   1    0.923
      638  0.000   0.995   1    0.904
      639  0.003   0.997   1    0.896
      640  0.001   0.999   1    0.884
      641  0.001   0.999   1    0.873
      642  0.000   0.999   1    0.864
      643  0.000   0.999   1    0.859
      644  0.000   1.000   1    0.853
      645  0.000   1.000   1    0.843
      646  0.000   1.000   1    0.840
      647  0.000   1.000   1    0.844
      648  0.000   1.000   1    0.848
      649  0.000   1.000   1    0.851
      650  0.000   1.000   1    0.848
      651  0.000   1.000   1    0.842
      652  0.000   1.000   1    0.832
      653  0.000   1.000   1    0.825
      654  0.000   1.000   1    0.820
      655  0.000   1.000   1    0.819
      656  0.000   0.999   1    0.813
      657  0.000   0.999   1    0.814
      658  0.000   0.999   1    0.811
      659  0.000   0.999   1    0.808
      660  0.000   0.999   1    0.806
      661  0.000   0.999   1    0.807
      662  0.000   1.000   1    0.805
      663  0.000   1.000   1    0.800
      664  0.000   1.000   1    0.802
      665  0.000   1.000   1    0.809
      666  0.000   1.000   1    0.823
      667  0.000   1.000   1    0.841
      668  0.000   1.000   1    0.849
      669  0.000   1.000   1    0.856
      670  0.000   1.000   1    0.856
      671  0.000   1.000   1    0.851
      672  0.000   1.000   1    0.847
      673  0.000   1.000   1    0.844
      674  0.000   1.000   1    0.849
      675  0.000   1.000   1    0.856
      676  0.000   1.000   1    0.863
      677  0.000   1.000   1    0.871
      678  0.000   1.000   1    0.857
      679  0.000   1.000   1    0.837
      680  0.000   1.000   1    0.820
      681  0.000   1.000   1    0.814
      682  0.000   1.000   1    0.804
      683  0.000   1.000   1    0.799
      684  0.000   1.000   1    0.794
      685  0.000   1.000   1    0.797
      686  0.000   1.000   1    0.797
      687  0.000   1.000   1    0.794
      688  0.000   1.000   1    0.792
      689  0.000   1.000   1    0.781
      690  0.000   1.000   1    0.771
      691  0.000   1.000   1    0.762
      692  0.000   1.000   1    0.761
      693  0.000   1.000   1    0.774
      694  0.000   1.000   1    0.773
      695  0.000   1.000   1    0.772
      696  0.000   1.000   1    0.771
      697  0.000   1.000   1    0.770
      698  0.000   1.000   1    0.765
      699  0.000   1.000   1    0.762
      700  0.000   1.000   1    0.765
      701  0.000   1.000   1    0.758
      702  0.000   1.000   1    0.753
      703  0.000   1.000   1    0.741
      704  0.000   1.000   1    0.733
      705  0.000   1.000   1    0.727
      706  0.000   1.000   1    0.716
      707  0.000   1.000   1    0.709
      708  0.000   1.000   1    0.713
      709  0.000   1.000   1    0.715
      710  0.000   1.000   1    0.712
      711  0.000   1.000   1    0.713
      712  0.000   1.000   1    0.710
      713  0.000   1.000   1    0.707
      714  0.000   1.000   1    0.699
      715  0.000   1.000   1    0.688
      716  0.000   1.000   1    0.676
      717  0.000   1.000   1    0.670
      718  0.000   1.000   1    0.664
      719  0.000   0.999   1    0.649
      720  0.000   0.999   1    0.634
      721  0.000   1.000   1    0.622
      722  0.000   1.000   1    0.605
      723  0.000   1.000   1    0.586
      724  0.000   0.999   1    0.562
      725  0.000   0.929   1    0.552
      726  0.001   0.832   1    0.545
      727  0.001   0.833   1    0.533
      728  0.007   0.832   1    0.523
      729  0.003   0.835   1    0.518
      730  0.002   0.837   1    0.514
      731  0.008   0.845   1    0.511
      732  0.003   0.848   1    0.508
      733  0.001   0.849   1    0.513
      734  0.001   0.850   1    0.511
      735  0.000   0.850   1    0.505
      736  0.000   0.850   1    0.497
      737  0.000   0.850   1    0.497
      738  0.001   0.852   1    0.498
      739  0.000   0.852   1    0.496
      740  0.000   0.852   1    0.487
      741  0.000   0.852   1    0.477
      742  0.000   0.852   1    0.473
      743  0.000   0.852   1    0.475
      744  0.000   0.852   1    0.480
      745  0.000   0.852   1    0.484
      746  0.000   0.852   1    0.486
      747  0.000   0.852   1    0.491
      748  0.009   0.861   1    0.497
      749  0.009   0.869   1    0.506
      750  0.000   0.870   1    0.514
      751  0.000   0.870   1    0.514
      752  0.002   0.872   1    0.517
      753  0.000   0.872   1    0.528
      754  0.001   0.873   1    0.534
      755  0.004   0.877   1    0.535
      756  0.032   0.909   1    0.535
      757  0.012   0.921   1    0.538
      758  0.000   0.921   1    0.540
      759  0.000   0.921   1    0.554
      760  0.000   0.921   1    0.559
      761  0.000   0.921   1    0.571
      762  0.000   0.921   1    0.581
      763  0.000   0.921   1    0.584
      764  0.000   0.921   1    0.588
      765  0.000   0.912   1    0.595
      766  0.000   0.896   1    0.606
      767  0.000   0.879   1    0.617
      768  0.000   0.849   1    0.626
      769  0.000   0.782   1    0.637
      770  0.000   0.113   0    0.650
      771  0.000   0.112   0    0.656
      772  0.001   0.113   0    0.663
      773  0.055   0.169   0    0.669
      774  0.449   0.617   1    0.676
      775  0.053   0.670   1    0.683
      776  0.000   0.669   1    0.687
      777  0.000   0.669   1    0.697
      778  0.001   0.668   1    0.706
      779  0.017   0.685   1    0.718
      780  0.002   0.687   1    0.724
      781  0.000   0.687   1    0.729
      782  0.012   0.697   1    0.731
      783  0.289   0.986   1    0.728
      784  0.010   0.996   1    0.732
      785  0.000   0.996   1    0.729
      786  0.000   0.993   1    0.723
      787  0.000   0.991   1    0.718
      788  0.000   0.991   1    0.710
      789  0.000   0.991   1    0.711
      790  0.000   0.991   1    0.710
      791  0.000   0.991   1    0.709
      792  0.000   0.990   1    0.700
      793  0.000   0.991   1    0.693
      794  0.000   0.991   1    0.696
      795  0.000   0.991   1    0.702
      796  0.000   0.991   1    0.703
      797  0.000   0.991   1    0.703
      798  0.000   0.991   1    0.704
      799  0.000   0.991   1    0.702
      800  0.000   0.991   1    0.700
      801  0.000   0.991   1    0.701
      802  0.000   0.992   1    0.703
      803  0.001   0.993   1    0.701
      804  0.001   0.994   1    0.693
      805  0.000   0.994   1    0.686
      806  0.000   0.994   1    0.681
      807  0.000   0.994   1    0.672
      808  0.000   0.994   1    0.662
      809  0.000   0.994   1    0.652
      810  0.000   0.994   1    0.646
      811  0.000   0.994   1    0.645
      812  0.001   0.994   1    0.641
      813  0.000   0.994   1    0.635
      814  0.003   0.997   1    0.624
      815  0.002   0.999   1    0.618
      816  0.000   1.000   1    0.606
      817  0.000   1.000   1    0.599
      818  0.000   1.000   1    0.594
      819  0.000   1.000   1    0.594
      820  0.000   1.000   1    0.599
      821  0.000   1.000   1    0.596
      822  0.000   1.000   1    0.583
      823  0.000   1.000   1    0.568
      824  0.000   1.000   1    0.561
      825  0.000   1.000   1    0.561
      826  0.000   1.000   1    0.562
      827  0.000   1.000   1    0.554
      828  0.000   1.000   1    0.556
      829  0.000   1.000   1    0.559
      830  0.000   1.000   1    0.561
      831  0.000   1.000   1    0.559
      832  0.000   1.000   1    0.551
      833  0.000   1.000   1    0.538
      834  0.000   1.000   1    0.529
      835  0.000   1.000   1    0.523
      836  0.000   1.000   1    0.517
      837  0.000   1.000   1    0.515
      838  0.000   1.000   1    0.514
      839  0.000   1.000   1    0.511
      840  0.000   1.000   1    0.511
      841  0.000   1.000   1    0.514
      842  0.000   1.000   1    0.515
      843  0.000   1.000   1    0.519
      844  0.000   1.000   1    0.517
      845  0.000   1.000   1    0.522
      846  0.000   1.000   1    0.520
      847  0.000   1.000   1    0.525
      848  0.000   1.000   1    0.525
      849  0.000   1.000   1    0.521
      850  0.000   1.000   1    0.517
      851  0.000   1.000   1    0.515
      852  0.000   1.000   1    0.513
      853  0.000   1.000   1    0.508
      854  0.000   1.000   1    0.501
      855  0.000   1.000   1    0.491
      856  0.000   1.000   1    0.480
      857  0.000   1.000   1    0.467
      858  0.000   1.000   1    0.462
      859  0.000   1.000   1    0.463
      860  0.000   1.000   1    0.468
      861  0.000   1.000   1    0.474
      862  0.000   1.000   1    0.478
      863  0.000   1.000   1    0.477
      864  0.000   1.000   1    0.480
      865  0.000   1.000   1    0.483
      866  0.000   1.000   1    0.482
      867  0.000   0.999   1    0.482
      868  0.000   0.999   1    0.486
      869  0.000   0.999   1    0.483
      870  0.000   0.999   1    0.486
      871  0.000   0.999   1    0.489
      872  0.000   0.999   1    0.486
      873  0.000   0.998   1    0.478
      874  0.000   0.997   1    0.460
      875  0.000   0.990   1    0.452
      876  0.000   0.987   1    0.446
      877  0.000   0.986   1    0.453
      878  0.000   0.977   1    0.453
      879  0.000   0.974   1    0.451
      880  0.000   0.973   1    0.448
      881  0.012   0.984   1    0.446
      882  0.008   0.992   1    0.446
      883  0.000   0.992   1    0.435
      884  0.000   0.992   1    0.422
      885  0.000   0.991   1    0.416
      886  0.000   0.991   1    0.415
      887  0.000   0.991   1    0.421
      888  0.000   0.991   1    0.424
      889  0.000   0.991   1    0.431
      890  0.000   0.991   1    0.437
      891  0.000   0.991   1    0.444
      892  0.000   0.991   1    0.451
      893  0.000   0.991   1    0.451
      894  0.000   0.991   1    0.445
      895  0.000   0.982   1    0.441
      896  0.000   0.973   1    0.439
      897  0.000   0.973   1    0.443
      898  0.000   0.973   1    0.444
      899  0.000   0.971   1    0.448
      900  0.000   0.970   1    0.449
      901  0.000   0.970   1    0.446
      902  0.000   0.966   1    0.444
      903  0.000   0.934   1    0.441
      904  0.000   0.921   1    0.434
      905  0.000   0.921   1    0.422
      906  0.000   0.921   1    0.418
      907  0.000   0.921   1    0.417
      908  0.007   0.929   1    0.420
      909  0.006   0.935   1    0.424
      910  0.003   0.938   1    0.427
      911  0.002   0.940   1    0.426
      912  0.000   0.940   1    0.428
      913  0.000   0.941   1    0.420
      914  0.000   0.941   1    0.416
      915  0.000   0.941   1    0.409
      916  0.000   0.941   1    0.402
      917  0.000   0.941   1    0.406
      918  0.000   0.941   1    0.414
      919  0.000   0.940   1    0.424
      920  0.000   0.885   1    0.428
      921  0.016   0.452   0    0.428
      922  0.002   0.401   0    0.426
      923  0.008   0.409   0    0.419
      924  0.001   0.410   0    0.418
      925  0.000   0.410   0    0.412
      926  0.000   0.393   0    0.414
      927  0.000   0.391   0    0.422
      928  0.000   0.391   0    0.435
      929  0.001   0.380   0    0.444
      930  0.170   0.261   0    0.434
      931  0.458   0.710   1    0.424
      932  0.085   0.795   1    0.416
      933  0.090   0.885   1    0.415
      934  0.009   0.894   1    0.415
      935  0.001   0.895   1    0.409
      936  0.000   0.895   1    0.407
      937  0.002   0.896   1    0.406
      938  0.003   0.899   1    0.405
      939  0.001   0.900   1    0.403
      940  0.007   0.907   1    0.390
      941  0.003   0.910   1    0.376
      942  0.006   0.916   1    0.358
      943  0.000   0.916   1    0.356
      944  0.000   0.916   1    0.345
      945  0.000   0.916   1    0.340
      946  0.001   0.916   1    0.327
      947  0.005   0.921   1    0.315
      948  0.029   0.950   1    0.309
      949  0.009   0.959   1    0.310
      950  0.000   0.959   1    0.311
      951  0.000   0.958   1    0.311
      952  0.000   0.958   1    0.305
      953  0.000   0.957   1    0.299
      954  0.000   0.957   1    0.301
      955  0.000   0.957   1    0.301
      956  0.001   0.958   1    0.307
      957  0.001   0.959   1    0.310
      958  0.000   0.959   1    0.312
      959  0.000   0.958   1    0.313
      960  0.000   0.958   1    0.312
      961  0.000   0.955   1    0.313
      962  0.000   0.953   1    0.312
      963  0.005   0.958   1    0.301
      964  0.001   0.959   1    0.294
      965  0.000   0.960   1    0.296
      966  0.000   0.960   1    0.300
      967  0.000   0.960   1    0.305
      968  0.000   0.960   1    0.308
      969  0.000   0.960   1    0.310
      970  0.000   0.960   1    0.306
      971  0.000   0.960   1    0.299
      972  0.001   0.961   1    0.280
      973  0.009   0.970   1    0.265
      974  0.016   0.986   1    0.251
      975  0.013   0.999   1    0.247
      976  0.001   1.000   1    0.254
      977  0.000   1.000   1    0.264
      978  0.000   1.000   1    0.274
      979  0.000   1.000   1    0.280
      980  0.000   1.000   1    0.280
      981  0.000   1.000   1    0.275
      982  0.000   1.000   1    0.262
      983  0.000   1.000   1    0.252
      984  0.000   1.000   1    0.248
      985  0.000   1.000   1    0.248
      986  0.000   1.000   1    0.253
      987  0.000   1.000   1    0.255
      988  0.000   1.000   1    0.259
      989  0.000   1.000   1    0.252
      990  0.000   1.000   1    0.247
      991  0.000   1.000   1    0.242
      992  0.000   1.000   1    0.242
      993  0.000   1.000   1    0.247
      994  0.000   1.000   1    0.255
      995  0.000   1.000   1    0.267
      996  0.000   1.000   1    0.274
      997  0.000   1.000   1    0.280
      998  0.000   1.000   1    0.273
      999  0.000   1.000   1    0.271
     1000  0.000   1.000   1    0.258
     1001  0.000   1.000   1    0.258
     1002  0.000   1.000   1    0.266
     1003  0.000   1.000   1    0.267
     1004  0.000   1.000   1    0.263
     1005  0.000   1.000   1    0.256
     1006  0.000   1.000   1    0.248
     1007  0.000   1.000   1    0.240
     1008  0.000   1.000   1    0.235
     1009  0.000   1.000   1    0.228
     1010  0.000   1.000   1    0.219
     1011  0.000   1.000   1    0.214
     1012  0.000   1.000   1    0.203
     1013  0.000   1.000   1    0.190
     1014  0.000   1.000   1    0.183
     1015  0.000   1.000   1    0.185
     1016  0.000   1.000   1    0.182
     1017  0.000   1.000   1    0.176
     1018  0.000   1.000   1    0.180
     1019  0.000   0.999   1    0.182
     1020  0.000   0.999   1    0.183
     1021  0.000   0.999   1    0.184
     1022  0.000   0.999   1    0.176
     1023  0.000   0.999   1    0.168
     1024  0.000   0.999   1    0.155
     1025  0.000   0.999   1    0.145
     1026  0.000   0.999   1    0.142
     1027  0.000   0.999   1    0.140
     1028  0.000   0.987   1    0.133
     1029  0.000   0.979   1    0.125
     1030  0.000   0.978   1    0.116
     1031  0.000   0.978   1    0.102
     1032  0.000   0.978   1    0.078
     1033  0.000   0.978   1    0.047
     1034  0.000   0.978   1    0.019
     1035  0.000   0.978   1   -0.007
     1036  0.000   0.978   1   -0.028
     1037  0.000   0.978   1   -0.041
     1038  0.000   0.978   1   -0.056
     1039  0.000   0.978   1   -0.074
     1040  0.000   0.978   1   -0.090
     1041  0.000   0.978   1   -0.112
     1042  0.000   0.978   1   -0.129
     1043  0.000   0.978   1   -0.154
     1044  0.000   0.978   1   -0.181
     1045  0.000   0.978   1   -0.200
     1046  0.000   0.978   1   -0.214
     1047  0.000   0.978   1   -0.227
     1048  0.000   0.978   1   -0.245
     1049  0.000   0.978   1   -0.271
     1050  0.000   0.978   1   -0.295
     1051  0.000   0.978   1   -0.319
     1052  0.000   0.978   1   -0.342
     1053  0.000   0.978   1   -0.354
     1054  0.000   0.978   1   -0.363
     1055  0.000   0.971   1   -0.373
     1056  0.000   0.965   1   -0.393
     1057  0.000   0.962   1   -0.418
     1058  0.000   0.959   1   -0.449
     1059  0.000   0.959   1   -0.481
     1060  0.000   0.959   1   -0.507
     1061  0.000   0.959   1   -0.522
     1062  0.000   0.959   1   -0.539
     1063  0.000   0.958   1   -0.560
     1064  0.000   0.958   1   -0.591
     1065  0.000   0.958   1   -0.617
     1066  0.000   0.958   1   -0.640
     1067  0.000   0.957   1   -0.661
     1068  0.000   0.941   1   -0.683
     1069  0.000   0.939   1   -0.709
     1070  0.000   0.931   1   -0.747
     1071  0.000   0.930   1   -0.781
     1072  0.000   0.930   1   -0.815
     1073  0.000   0.930   1   -0.848
     1074  0.000   0.930   1   -0.886
     1075  0.000   0.930   1   -0.929
     1076  0.000   0.929   1   -0.965
     1077  0.000   0.759   1   -0.997
     1078  0.000   0.300   0   -1.024
     1079  0.000   0.215   0   -1.047
     1080  0.000   0.125   0   -1.073
     1081  0.000   0.116   0   -1.096
     1082  0.000   0.115   0   -1.122
     1083  0.000   0.115   0   -1.141
     1084  0.000   0.114   0   -1.162
     1085  0.000   0.111   0   -1.193
     1086  0.000   0.110   0   -1.225
     1087  0.000   0.103   0   -1.254
     1088  0.000   0.100   0   -1.271
     1089  0.000   0.094   0   -1.292
     1090  0.000   0.094   0   -1.311
     1091  0.000   0.094   0   -1.341
     1092  0.000   0.094   0   -1.370
     1093  0.000   0.093   0   -1.400
     1094  0.000   0.088   0   -1.425
     1095  0.000   0.059   0   -1.452
     1096  0.000   0.049   0   -1.483
     1097  0.000   0.049   0   -1.521
     1098  0.000   0.049   0   -1.560
     1099  0.000   0.049   0   -1.589
     1100  0.000   0.049   0   -1.627
     1101  0.000   0.049   0   -1.665
     1102  0.000   0.049   0   -1.707
     1103  0.000   0.048   0   -1.752
     1104  0.000   0.047   0   -1.789
     1105  0.000   0.047   0   -1.822
     1106  0.000   0.047   0   -1.853
     1107  0.000   0.047   0   -1.877
     1108  0.000   0.047   0   -1.914
     1109  0.000   0.047   0   -1.957
     1110  0.000   0.042   0   -1.994
     1111  0.000   0.041   0   -2.023
     1112  0.000   0.041   0   -2.049
     1113  0.000   0.041   0   -2.062
     1114  0.000   0.041   0   -2.076
     1115  0.000   0.040   0   -2.096
     1116  0.000   0.040   0   -2.128
     1117  0.000   0.040   0   -2.161
     1118  0.000   0.040   0   -2.187
     1119  0.000   0.039   0   -2.207
     1120  0.000   0.030   0   -2.230
     1121  0.000   0.014   0   -2.255
     1122  0.000   0.001   0   -2.280
     1123  0.000   0.000   0   -2.300
     1124  0.000   0.000   0   -2.321
     1125  0.000   0.000   0   -2.335
     1126  0.000   0.000   0   -2.348
     1127  0.000   0.000   0   -2.360
     1128  0.000   0.000   0   -2.377
     1129  0.000   0.000   0   -2.397
     1130  0.000   0.000   0   -2.412
     1131  0.000   0.000   0   -2.428
     1132  0.000   0.000   0   -2.439
     1133  0.000   0.000   0   -2.451
     1134  0.000   0.000   0   -2.466
     1135  0.000   0.000   0   -2.491
     1136  0.000   0.000   0   -2.518
     1137  0.000   0.000   0   -2.537
     1138  0.000   0.000   0   -2.561
     1139  0.000   0.000   0   -2.581
     1140  0.000   0.000   0   -2.600
     1141  0.000   0.000   0   -2.621
     1142  0.000   0.000   0   -2.633
     1143  0.000   0.000   0   -2.646
     1144  0.000   0.000   0   -2.655
     1145  0.000   0.000   0   -2.656
     1146  0.000   0.000   0   -2.650
     1147  0.000   0.000   0   -2.650
     1148  0.000   0.000   0   -2.655
     1149  0.000   0.000   0   -2.658
     1150  0.000   0.000   0   -2.662
     1151  0.000   0.000   0   -2.660
     1152  0.000   0.000   0   -2.656
     1153  0.000   0.000   0   -2.644
     1154  0.000   0.000   0   -2.634
     1155  0.000   0.000   0   -2.623
     1156  0.000   0.000   0   -2.617
     1157  0.000   0.000   0   -2.612
     1158  0.000   0.000   0   -2.604
     1159  0.000   0.000   0   -2.598
     1160  0.000   0.000   0   -2.596
     1161  0.000   0.000   0   -2.595
     1162  0.000   0.000   0   -2.603
     1163  0.000   0.000   0   -2.598
     1164  0.000   0.000   0   -2.588
     1165  0.000   0.000   0   -2.576
     1166  0.000   0.000   0   -2.581
     1167  0.000   0.000   0   -2.588
     1168  0.001   0.002   0   -2.594
     1169  0.002   0.003   0   -2.598
     1170  0.081   0.084   0   -2.594
     1171  0.167   0.252   0   -2.588
     1172  0.007   0.258   0   -2.576
     1173  0.001   0.259   0   -2.567
     1174  0.000   0.260   0   -2.556
     1175  0.000   0.260   0   -2.543
     1176  0.000   0.260   0   -2.535
     1177  0.000   0.260   0   -2.525
     1178  0.000   0.260   0   -2.510
     1179  0.006   0.266   0   -2.495
     1180  0.213   0.479   0   -2.475
     1181  0.014   0.493   0   -2.452
     1182  0.000   0.493   0   -2.430
     1183  0.000   0.493   0   -2.408
     1184  0.001   0.494   0   -2.379
     1185  0.009   0.503   0   -2.352
     1186  0.403   0.906   1   -2.326
     1187  0.000   0.906   1   -2.312
     1188  0.000   0.906   1   -2.297
     1189  0.000   0.906   1   -2.277
     1190  0.000   0.906   1   -2.247
     1191  0.000   0.906   1   -2.218
     1192  0.000   0.906   1   -2.189
     1193  0.000   0.906   1   -2.160
     1194  0.000   0.906   1   -2.134
     1195  0.000   0.906   1   -2.105
     1196  0.000   0.906   1   -2.077
     1197  0.000   0.906   1   -2.050
     1198  0.000   0.906   1   -2.020
     1199  0.000   0.906   1   -1.996
     1200  0.000   0.906   1   -1.973
     1201  0.000   0.906   1   -1.949
     1202  0.000   0.906   1   -1.919
     1203  0.000   0.906   1   -1.889
     1204  0.000   0.906   1   -1.859
     1205  0.000   0.906   1   -1.827
     1206  0.000   0.906   1   -1.797
     1207  0.000   0.906   1   -1.770
     1208  0.000   0.906   1   -1.743
     1209  0.000   0.906   1   -1.709
     1210  0.000   0.906   1   -1.674
     1211  0.000   0.906   1   -1.640
     1212  0.000   0.906   1   -1.603
     1213  0.000   0.906   1   -1.561
     1214  0.000   0.906   1   -1.518
     1215  0.000   0.906   1   -1.473
     1216  0.000   0.906   1   -1.420
     1217  0.000   0.906   1   -1.363
     1218  0.000   0.906   1   -1.317
     1219  0.000   0.906   1   -1.277
     1220  0.000   0.906   1   -1.240
     1221  0.000   0.906   1   -1.199
     1222  0.000   0.906   1   -1.162
     1223  0.000   0.906   1   -1.125
     1224  0.000   0.906   1   -1.087
     1225  0.000   0.906   1   -1.044
     1226  0.000   0.906   1   -0.996
     1227  0.000   0.906   1   -0.960
     1228  0.000   0.906   1   -0.933
     1229  0.000   0.906   1   -0.910
     1230  0.000   0.906   1   -0.884
     1231  0.000   0.906   1   -0.852
     1232  0.000   0.906   1   -0.815
     1233  0.000   0.906   1   -0.781
     1234  0.000   0.906   1   -0.762
     1235  0.000   0.906   1   -0.747
     1236  0.000   0.906   1   -0.738
     1237  0.000   0.906   1   -0.729
     1238  0.000   0.906   1   -0.718
     1239  0.000   0.906   1   -0.707
     1240  0.000   0.906   1   -0.699
     1241  0.000   0.906   1   -0.693
     1242  0.000   0.906   1   -0.678
     1243  0.000   0.906   1   -0.662
     1244  0.000   0.906   1   -0.649
     1245  0.000   0.906   1   -0.634
     1246  0.000   0.906   1   -0.615
     1247  0.000   0.906   1   -0.601
     1248  0.000   0.906   1   -0.586
     1249  0.000   0.906   1   -0.568
     1250  0.000   0.906   1   -0.547
     1251  0.000   0.906   1   -0.520
     1252  0.000   0.906   1   -0.499
     1253  0.000   0.906   1   -0.484
     1254  0.000   0.906   1   -0.463
     1255  0.000   0.906   1   -0.445
     1256  0.000   0.906   1   -0.431
     1257  0.000   0.906   1   -0.421
     1258  0.000   0.906   1   -0.411
     1259  0.000   0.906   1   -0.402
     1260  0.000   0.906   1   -0.394
     1261  0.000   0.906   1    NA
     1262  0.000   0.906   1    NA
     1263  0.000   0.906   1    NA
     1264  0.000   0.906   1    NA
     1265  0.000   0.906   1    NA
     1266  0.000   0.906   1    NA
     1267  0.000   0.906   1    NA
     1268  0.000   0.906   1    NA
     1269  0.000   0.906   1    NA
     1270  0.000   0.906   1    NA
     1271  0.000   0.906   1    NA
     1272  0.000   0.906   1    NA
     1273  0.000   0.906   1    NA
     1274  0.000   0.906   1    NA
     1275  0.000   0.906   1    NA
     1276  0.000   0.906   1    NA
     1277  0.000   0.906   1    NA
     1278  0.000   0.906   1    NA
     1279  0.000   0.906   1    NA
     1280  0.000   0.906   1    NA
     1281  0.000   0.906   1    NA
     1282  0.000   0.906   1    NA
     1283  0.000   0.906   1    NA
     1284  0.000   0.906   1    NA
     1285  0.000   0.906   1    NA
     1286  0.000   0.906   1    NA
     1287  0.000   0.906   1    NA
     1288  0.000   0.906   1    NA
     1289  0.000   0.906   1    NA
     1290  0.000   0.906   1    NA
     1291  0.000   0.906   1    NA
     1292  0.000   0.906   1    NA
     1293  0.000   0.906   1    NA
     1294  0.000   0.906   1    NA
     1295  0.000   0.906   1    NA
     1296  0.000   0.906   1    NA
     1297  0.000   0.906   1    NA
     1298  0.000   0.906   1    NA
     1299  0.000   0.906   1    NA
     1300  0.000   0.906   1    NA
     1301  0.000   0.906   1    NA
     1302  0.000   0.906   1    NA
     1303  0.000   0.906   1    NA
     1304  0.000   0.906   1    NA
     1305  0.000   0.906   1    NA
     1306  0.000   0.906   1    NA
     1307  0.000   0.906   1    NA
     1308  0.000   0.906   1    NA
     1309  0.000   0.906   1    NA
     1310  0.000   0.906   1    NA
     1311  0.000   0.906   1    NA
     1312  0.000   0.906   1    NA
     1313  0.000   0.906   1    NA
     1314  0.000   0.906   1    NA
     1315  0.000   0.904   1    NA
     1316  0.000   0.903   1    NA
     1317  0.000   0.822   1    NA
     1318  0.000   0.655   1    NA
     1319  0.000   0.648   1    NA
     1320  0.000   0.647   1    NA
     1321  0.000   0.646   1    NA
     1322  0.000   0.646   1    NA
     1323  0.000   0.646   1    NA
     1324  0.000   0.646   1    NA
     1325  0.000   0.646   1    NA
     1326  0.000   0.640   1    NA
     1327  0.000   0.427   1    NA
     1328  0.000   0.413   1    NA
     1329  0.000   0.413   1    NA
     1330  0.000   0.413   1    NA
     1331  0.000   0.412   1    NA
     1332  0.000   0.403   1    NA
     1333  0.000   0.000   0    NA
