 Position  P-start Occup  N/L  Affinity
        1  0.000   0.000   0    NA
        2  0.000   0.000   0    NA
        3  0.010   0.010   0    NA
        4  0.554   0.564   1    NA
        5  0.039   0.603   1    NA
        6  0.000   0.603   1    NA
        7  0.000   0.603   1    NA
        8  0.000   0.603   1    NA
        9  0.000   0.604   1    NA
       10  0.001   0.604   1    NA
       11  0.001   0.605   1    NA
       12  0.002   0.607   1    NA
       13  0.002   0.609   1    NA
       14  0.000   0.609   1    NA
       15  0.000   0.609   1    NA
       16  0.013   0.622   1    NA
       17  0.003   0.625   1    NA
       18  0.004   0.629   1    NA
       19  0.001   0.630   1    NA
       20  0.000   0.630   1    NA
       21  0.001   0.631   1    NA
       22  0.003   0.634   1    NA
       23  0.027   0.661   1    NA
       24  0.011   0.672   1    NA
       25  0.002   0.674   1    NA
       26  0.000   0.674   1    NA
       27  0.019   0.693   1    NA
       28  0.016   0.709   1    NA
       29  0.008   0.718   1    NA
       30  0.001   0.719   1    NA
       31  0.009   0.728   1    NA
       32  0.001   0.729   1    NA
       33  0.035   0.764   1    NA
       34  0.002   0.765   1    NA
       35  0.199   0.964   1    NA
       36  0.007   0.972   1    NA
       37  0.011   0.983   1    NA
       38  0.000   0.983   1    NA
       39  0.000   0.984   1    NA
       40  0.000   0.984   1    NA
       41  0.000   0.984   1    NA
       42  0.000   0.984   1    NA
       43  0.000   0.984   1    NA
       44  0.000   0.984   1    NA
       45  0.010   0.994   1    NA
       46  0.004   0.999   1    NA
       47  0.000   0.999   1    NA
       48  0.000   0.999   1    NA
       49  0.000   1.000   1    NA
       50  0.000   1.000   1    NA
       51  0.000   1.000   1    NA
       52  0.000   1.000   1    NA
       53  0.000   1.000   1    NA
       54  0.000   1.000   1    NA
       55  0.000   1.000   1    NA
       56  0.000   1.000   1    NA
       57  0.000   1.000   1    NA
       58  0.000   1.000   1    NA
       59  0.000   1.000   1    NA
       60  0.000   1.000   1    NA
       61  0.000   1.000   1    NA
       62  0.000   1.000   1    NA
       63  0.000   1.000   1    NA
       64  0.000   1.000   1    NA
       65  0.000   1.000   1    NA
       66  0.000   1.000   1    NA
       67  0.000   1.000   1    NA
       68  0.000   1.000   1    NA
       69  0.000   1.000   1    NA
       70  0.000   1.000   1    NA
       71  0.000   1.000   1    NA
       72  0.000   1.000   1    NA
       73  0.000   1.000   1    NA
       74  0.000   1.000   1    1.134
       75  0.000   1.000   1    1.144
       76  0.000   1.000   1    1.144
       77  0.000   1.000   1    1.151
       78  0.000   1.000   1    1.151
       79  0.000   1.000   1    1.159
       80  0.000   1.000   1    1.161
       81  0.000   1.000   1    1.175
       82  0.000   1.000   1    1.179
       83  0.000   1.000   1    1.185
       84  0.000   1.000   1    1.177
       85  0.000   1.000   1    1.175
       86  0.000   1.000   1    1.168
       87  0.000   1.000   1    1.166
       88  0.000   1.000   1    1.156
       89  0.000   1.000   1    1.146
       90  0.000   1.000   1    1.142
       91  0.000   1.000   1    1.148
       92  0.000   1.000   1    1.153
       93  0.000   1.000   1    1.155
       94  0.000   1.000   1    1.150
       95  0.000   1.000   1    1.151
       96  0.000   1.000   1    1.142
       97  0.000   1.000   1    1.131
       98  0.000   1.000   1    1.112
       99  0.000   1.000   1    1.098
      100  0.000   1.000   1    1.086
      101  0.000   1.000   1    1.074
      102  0.000   1.000   1    1.064
      103  0.000   1.000   1    1.054
      104  0.000   1.000   1    1.040
      105  0.000   1.000   1    1.019
      106  0.000   1.000   1    1.004
      107  0.000   1.000   1    0.996
      108  0.000   1.000   1    0.994
      109  0.000   1.000   1    0.989
      110  0.000   1.000   1    0.985
      111  0.000   1.000   1    0.976
      112  0.000   1.000   1    0.968
      113  0.000   1.000   1    0.959
      114  0.000   1.000   1    0.953
      115  0.000   1.000   1    0.947
      116  0.000   1.000   1    0.940
      117  0.000   1.000   1    0.920
      118  0.000   1.000   1    0.905
      119  0.000   1.000   1    0.891
      120  0.000   1.000   1    0.877
      121  0.000   1.000   1    0.867
      122  0.000   1.000   1    0.852
      123  0.000   1.000   1    0.834
      124  0.000   1.000   1    0.814
      125  0.000   1.000   1    0.797
      126  0.000   1.000   1    0.785
      127  0.000   1.000   1    0.778
      128  0.000   1.000   1    0.762
      129  0.000   1.000   1    0.744
      130  0.000   1.000   1    0.723
      131  0.000   1.000   1    0.712
      132  0.000   1.000   1    0.701
      133  0.000   1.000   1    0.694
      134  0.000   1.000   1    0.678
      135  0.000   1.000   1    0.669
      136  0.000   1.000   1    0.642
      137  0.000   1.000   1    0.629
      138  0.000   1.000   1    0.613
      139  0.000   1.000   1    0.607
      140  0.000   1.000   1    0.596
      141  0.000   1.000   1    0.589
      142  0.000   1.000   1    0.586
      143  0.000   1.000   1    0.588
      144  0.000   1.000   1    0.589
      145  0.000   1.000   1    0.578
      146  0.000   1.000   1    0.561
      147  0.000   1.000   1    0.545
      148  0.000   1.000   1    0.530
      149  0.000   1.000   1    0.518
      150  0.000   0.990   1    0.496
      151  0.000   0.436   0    0.482
      152  0.002   0.398   0    0.472
      153  0.000   0.398   0    0.469
      154  0.000   0.399   0    0.462
      155  0.000   0.399   0    0.449
      156  0.000   0.399   0    0.437
      157  0.001   0.399   0    0.430
      158  0.001   0.398   0    0.427
      159  0.000   0.397   0    0.421
      160  0.000   0.395   0    0.412
      161  0.000   0.395   0    0.400
      162  0.000   0.395   0    0.387
      163  0.000   0.382   0    0.375
      164  0.000   0.379   0    0.366
      165  0.000   0.375   0    0.367
      166  0.000   0.374   0    0.365
      167  0.003   0.377   0    0.355
      168  0.002   0.378   0    0.336
      169  0.000   0.375   0    0.316
      170  0.000   0.348   0    0.294
      171  0.000   0.337   0    0.279
      172  0.000   0.335   0    0.271
      173  0.000   0.335   0    0.262
      174  0.000   0.316   0    0.249
      175  0.000   0.300   0    0.234
      176  0.000   0.292   0    0.216
      177  0.000   0.291   0    0.199
      178  0.000   0.282   0    0.178
      179  0.000   0.281   0    0.154
      180  0.000   0.246   0    0.131
      181  0.000   0.244   0    0.112
      182  0.000   0.045   0    0.085
      183  0.000   0.038   0    0.053
      184  0.000   0.027   0    0.030
      185  0.000   0.026   0    0.018
      186  0.000   0.026   0    0.001
      187  0.000   0.026   0   -0.025
      188  0.000   0.026   0   -0.054
      189  0.000   0.026   0   -0.075
      190  0.000   0.026   0   -0.095
      191  0.000   0.025   0   -0.105
      192  0.000   0.015   0   -0.124
      193  0.000   0.011   0   -0.148
      194  0.000   0.010   0   -0.172
      195  0.000   0.010   0   -0.191
      196  0.000   0.010   0   -0.209
      197  0.000   0.010   0   -0.238
      198  0.000   0.010   0   -0.267
      199  0.001   0.011   0   -0.296
      200  0.000   0.011   0   -0.320
      201  0.002   0.013   0   -0.345
      202  0.000   0.013   0   -0.371
      203  0.000   0.013   0   -0.391
      204  0.000   0.013   0   -0.409
      205  0.000   0.013   0   -0.420
      206  0.000   0.013   0   -0.436
      207  0.000   0.013   0   -0.457
      208  0.000   0.013   0   -0.476
      209  0.000   0.013   0   -0.490
      210  0.000   0.013   0   -0.499
      211  0.000   0.013   0   -0.513
      212  0.000   0.013   0   -0.524
      213  0.000   0.013   0   -0.536
      214  0.000   0.013   0   -0.550
      215  0.000   0.013   0   -0.569
      216  0.000   0.013   0   -0.590
      217  0.000   0.013   0   -0.602
      218  0.000   0.013   0   -0.619
      219  0.000   0.013   0   -0.639
      220  0.000   0.013   0   -0.670
      221  0.000   0.013   0   -0.693
      222  0.000   0.013   0   -0.714
      223  0.000   0.013   0   -0.724
      224  0.000   0.013   0   -0.745
      225  0.000   0.013   0   -0.763
      226  0.000   0.013   0   -0.785
      227  0.000   0.013   0   -0.803
      228  0.000   0.013   0   -0.828
      229  0.000   0.013   0   -0.845
      230  0.000   0.013   0   -0.860
      231  0.000   0.013   0   -0.876
      232  0.000   0.013   0   -0.894
      233  0.000   0.013   0   -0.904
      234  0.000   0.013   0   -0.910
      235  0.000   0.013   0   -0.916
      236  0.000   0.013   0   -0.931
      237  0.000   0.013   0   -0.938
      238  0.000   0.013   0   -0.940
      239  0.000   0.013   0   -0.947
      240  0.000   0.013   0   -0.964
      241  0.000   0.013   0   -0.982
      242  0.000   0.013   0   -0.995
      243  0.000   0.013   0   -1.003
      244  0.000   0.013   0   -1.007
      245  0.000   0.013   0   -1.012
      246  0.000   0.013   0   -1.020
      247  0.000   0.013   0   -1.022
      248  0.000   0.013   0   -1.024
      249  0.000   0.013   0   -1.027
      250  0.000   0.013   0   -1.039
      251  0.000   0.013   0   -1.056
      252  0.000   0.013   0   -1.069
      253  0.000   0.013   0   -1.077
      254  0.000   0.013   0   -1.080
      255  0.000   0.013   0   -1.083
      256  0.000   0.013   0   -1.086
      257  0.000   0.013   0   -1.092
      258  0.000   0.013   0   -1.107
      259  0.000   0.013   0   -1.115
      260  0.000   0.013   0   -1.123
      261  0.000   0.013   0   -1.130
      262  0.000   0.013   0   -1.133
      263  0.000   0.013   0   -1.133
      264  0.000   0.013   0   -1.137
      265  0.000   0.013   0   -1.147
      266  0.000   0.013   0   -1.156
      267  0.000   0.013   0   -1.164
      268  0.000   0.013   0   -1.170
      269  0.000   0.013   0   -1.172
      270  0.000   0.013   0   -1.168
      271  0.000   0.013   0   -1.167
      272  0.000   0.013   0   -1.167
      273  0.000   0.013   0   -1.171
      274  0.000   0.013   0   -1.175
      275  0.000   0.013   0   -1.182
      276  0.000   0.013   0   -1.197
      277  0.000   0.013   0   -1.210
      278  0.000   0.013   0   -1.221
      279  0.000   0.013   0   -1.216
      280  0.000   0.013   0   -1.208
      281  0.000   0.013   0   -1.200
      282  0.000   0.013   0   -1.204
      283  0.000   0.013   0   -1.207
      284  0.000   0.013   0   -1.213
      285  0.000   0.013   0   -1.220
      286  0.000   0.013   0   -1.225
      287  0.000   0.013   0   -1.222
      288  0.000   0.013   0   -1.221
      289  0.000   0.013   0   -1.218
      290  0.000   0.013   0   -1.212
      291  0.000   0.013   0   -1.204
      292  0.000   0.013   0   -1.202
      293  0.000   0.013   0   -1.209
      294  0.000   0.013   0   -1.214
      295  0.000   0.013   0   -1.214
      296  0.000   0.013   0   -1.211
      297  0.000   0.013   0   -1.206
      298  0.000   0.013   0   -1.205
      299  0.000   0.012   0   -1.211
      300  0.000   0.012   0   -1.218
      301  0.001   0.012   0   -1.227
      302  0.000   0.012   0   -1.238
      303  0.000   0.012   0   -1.246
      304  0.000   0.011   0   -1.256
      305  0.000   0.011   0   -1.257
      306  0.000   0.010   0   -1.252
      307  0.000   0.010   0   -1.246
      308  0.000   0.010   0   -1.241
      309  0.000   0.010   0   -1.241
      310  0.000   0.010   0   -1.239
      311  0.000   0.010   0   -1.236
      312  0.000   0.010   0   -1.228
      313  0.000   0.010   0   -1.216
      314  0.000   0.007   0   -1.213
      315  0.000   0.005   0   -1.214
      316  0.000   0.005   0   -1.209
      317  0.000   0.005   0   -1.203
      318  0.000   0.005   0   -1.193
      319  0.000   0.005   0   -1.180
      320  0.000   0.005   0   -1.162
      321  0.000   0.005   0   -1.139
      322  0.000   0.005   0   -1.127
      323  0.001   0.006   0   -1.123
      324  0.000   0.006   0   -1.126
      325  0.000   0.006   0   -1.127
      326  0.001   0.006   0   -1.122
      327  0.000   0.006   0   -1.114
      328  0.000   0.006   0   -1.101
      329  0.000   0.006   0   -1.084
      330  0.000   0.007   0   -1.065
      331  0.138   0.144   0   -1.042
      332  0.036   0.180   0   -1.022
      333  0.010   0.190   0   -1.011
      334  0.002   0.192   0   -1.003
      335  0.000   0.192   0   -0.995
      336  0.000   0.192   0   -0.979
      337  0.000   0.192   0   -0.953
      338  0.000   0.192   0   -0.926
      339  0.000   0.192   0   -0.901
      340  0.000   0.193   0   -0.881
      341  0.000   0.193   0   -0.860
      342  0.000   0.193   0   -0.842
      343  0.000   0.193   0   -0.825
      344  0.000   0.193   0   -0.809
      345  0.000   0.193   0   -0.792
      346  0.000   0.192   0   -0.774
      347  0.000   0.191   0   -0.748
      348  0.000   0.190   0   -0.721
      349  0.003   0.193   0   -0.703
      350  0.000   0.193   0   -0.695
      351  0.000   0.193   0   -0.692
      352  0.000   0.193   0   -0.681
      353  0.000   0.193   0   -0.669
      354  0.000   0.193   0   -0.653
      355  0.002   0.195   0   -0.645
      356  0.006   0.201   0   -0.624
      357  0.583   0.783   1   -0.612
      358  0.060   0.843   1   -0.596
      359  0.011   0.854   1   -0.578
      360  0.029   0.883   1   -0.560
      361  0.013   0.896   1   -0.546
      362  0.001   0.898   1   -0.534
      363  0.002   0.899   1   -0.528
      364  0.001   0.900   1   -0.517
      365  0.008   0.908   1   -0.503
      366  0.001   0.910   1   -0.491
      367  0.000   0.910   1   -0.480
      368  0.030   0.940   1   -0.466
      369  0.003   0.943   1   -0.446
      370  0.001   0.944   1   -0.422
      371  0.008   0.951   1   -0.404
      372  0.001   0.953   1   -0.385
      373  0.003   0.956   1   -0.375
      374  0.001   0.957   1   -0.371
      375  0.001   0.958   1   -0.375
      376  0.002   0.960   1   -0.371
      377  0.004   0.963   1   -0.351
      378  0.000   0.963   1   -0.327
      379  0.000   0.963   1   -0.300
      380  0.000   0.963   1   -0.277
      381  0.000   0.963   1   -0.256
      382  0.001   0.964   1   -0.241
      383  0.000   0.964   1   -0.234
      384  0.003   0.967   1   -0.228
      385  0.003   0.970   1   -0.220
      386  0.029   0.999   1   -0.207
      387  0.000   0.999   1   -0.192
      388  0.000   0.999   1   -0.173
      389  0.000   0.999   1   -0.161
      390  0.000   0.999   1   -0.150
      391  0.000   0.999   1   -0.147
      392  0.000   0.999   1   -0.143
      393  0.000   0.999   1   -0.138
      394  0.000   0.999   1   -0.128
      395  0.000   0.999   1   -0.109
      396  0.000   1.000   1   -0.090
      397  0.000   1.000   1   -0.075
      398  0.000   1.000   1   -0.062
      399  0.000   1.000   1   -0.051
      400  0.000   1.000   1   -0.045
      401  0.000   1.000   1   -0.032
      402  0.000   1.000   1   -0.023
      403  0.000   1.000   1   -0.000
      404  0.000   1.000   1    0.025
      405  0.000   1.000   1    0.055
      406  0.000   1.000   1    0.087
      407  0.000   1.000   1    0.111
      408  0.000   1.000   1    0.130
      409  0.000   1.000   1    0.148
      410  0.000   1.000   1    0.168
      411  0.000   1.000   1    0.184
      412  0.000   1.000   1    0.204
      413  0.000   1.000   1    0.219
      414  0.000   1.000   1    0.242
      415  0.000   1.000   1    0.259
      416  0.000   1.000   1    0.276
      417  0.000   1.000   1    0.297
      418  0.000   1.000   1    0.314
      419  0.000   1.000   1    0.334
      420  0.000   1.000   1    0.348
      421  0.000   1.000   1    0.363
      422  0.000   1.000   1    0.380
      423  0.000   1.000   1    0.396
      424  0.000   1.000   1    0.403
      425  0.000   1.000   1    0.403
      426  0.000   1.000   1    0.401
      427  0.000   1.000   1    0.405
      428  0.000   1.000   1    0.420
      429  0.000   1.000   1    0.437
      430  0.000   1.000   1    0.465
      431  0.000   1.000   1    0.486
      432  0.000   1.000   1    0.503
      433  0.000   1.000   1    0.510
      434  0.000   1.000   1    0.517
      435  0.000   1.000   1    0.523
      436  0.000   1.000   1    0.532
      437  0.000   1.000   1    0.541
      438  0.000   1.000   1    0.554
      439  0.000   1.000   1    0.568
      440  0.000   1.000   1    0.586
      441  0.000   1.000   1    0.600
      442  0.000   1.000   1    0.620
      443  0.000   1.000   1    0.638
      444  0.000   1.000   1    0.657
      445  0.000   1.000   1    0.673
      446  0.000   1.000   1    0.683
      447  0.000   1.000   1    0.692
      448  0.000   0.999   1    0.700
      449  0.000   0.999   1    0.712
      450  0.000   0.999   1    0.717
      451  0.000   0.999   1    0.723
      452  0.000   0.999   1    0.728
      453  0.000   0.999   1    0.732
      454  0.000   0.999   1    0.740
      455  0.000   0.999   1    0.748
      456  0.000   0.999   1    0.755
      457  0.000   0.999   1    0.755
      458  0.000   0.999   1    0.750
      459  0.000   0.999   1    0.753
      460  0.000   0.999   1    0.759
      461  0.000   0.999   1    0.758
      462  0.000   0.999   1    0.749
      463  0.000   0.999   1    0.748
      464  0.000   0.999   1    0.743
      465  0.000   0.999   1    0.743
      466  0.000   0.999   1    0.743
      467  0.000   0.999   1    0.748
      468  0.000   0.999   1    0.753
      469  0.000   0.999   1    0.753
      470  0.000   0.998   1    0.751
      471  0.000   0.998   1    0.754
      472  0.000   0.998   1    0.753
      473  0.000   0.997   1    0.756
      474  0.000   0.997   1    0.762
      475  0.000   0.997   1    0.762
      476  0.000   0.997   1    0.761
      477  0.000   0.997   1    0.757
      478  0.000   0.859   1    0.751
      479  0.065   0.888   1    0.751
      480  0.034   0.912   1    0.760
      481  0.003   0.913   1    0.775
      482  0.001   0.914   1    0.780
      483  0.073   0.987   1    0.769
      484  0.006   0.992   1    0.761
      485  0.000   0.992   1    0.751
      486  0.000   0.992   1    0.745
      487  0.000   0.992   1    0.730
      488  0.000   0.992   1    0.722
      489  0.000   0.992   1    0.722
      490  0.000   0.992   1    0.723
      491  0.000   0.992   1    0.723
      492  0.000   0.992   1    0.723
      493  0.000   0.992   1    0.724
      494  0.000   0.992   1    0.721
      495  0.000   0.992   1    0.719
      496  0.000   0.989   1    0.711
      497  0.000   0.989   1    0.701
      498  0.000   0.989   1    0.693
      499  0.000   0.989   1    0.685
      500  0.000   0.989   1    0.676
      501  0.000   0.988   1    0.676
      502  0.000   0.987   1    0.675
      503  0.000   0.981   1    0.680
      504  0.000   0.398   0    0.677
      505  0.000   0.339   0    0.679
      506  0.000   0.328   0    0.683
      507  0.001   0.299   0    0.687
      508  0.027   0.313   0    0.693
      509  0.001   0.312   0    0.692
      510  0.000   0.311   0    0.687
      511  0.005   0.315   0    0.683
      512  0.000   0.307   0    0.683
      513  0.000   0.306   0    0.677
      514  0.000   0.305   0    0.663
      515  0.000   0.276   0    0.654
      516  0.000   0.273   0    0.652
      517  0.000   0.272   0    0.656
      518  0.000   0.264   0    0.652
      519  0.003   0.266   0    0.657
      520  0.001   0.263   0    0.664
      521  0.276   0.539   1    0.666
      522  0.029   0.567   1    0.666
      523  0.124   0.689   1    0.671
      524  0.114   0.800   1    0.674
      525  0.177   0.977   1    0.691
      526  0.008   0.985   1    0.703
      527  0.000   0.985   1    0.710
      528  0.000   0.985   1    0.715
      529  0.001   0.985   1    0.721
      530  0.001   0.986   1    0.728
      531  0.003   0.986   1    0.731
      532  0.010   0.993   1    0.735
      533  0.005   0.969   1    0.740
      534  0.022   0.991   1    0.739
      535  0.000   0.991   1    0.741
      536  0.000   0.991   1    0.740
      537  0.000   0.991   1    0.744
      538  0.001   0.992   1    0.751
      539  0.003   0.995   1    0.754
      540  0.000   0.995   1    0.753
      541  0.000   0.995   1    0.746
      542  0.000   0.995   1    0.748
      543  0.000   0.995   1    0.747
      544  0.000   0.995   1    0.742
      545  0.000   0.995   1    0.739
      546  0.000   0.995   1    0.735
      547  0.000   0.995   1    0.730
      548  0.000   0.995   1    0.728
      549  0.000   0.995   1    0.725
      550  0.005   0.999   1    0.717
      551  0.000   1.000   1    0.714
      552  0.000   1.000   1    0.714
      553  0.000   1.000   1    0.717
      554  0.000   1.000   1    0.727
      555  0.000   1.000   1    0.737
      556  0.000   1.000   1    0.746
      557  0.000   1.000   1    0.757
      558  0.000   1.000   1    0.756
      559  0.000   1.000   1    0.754
      560  0.000   1.000   1    0.742
      561  0.000   0.999   1    0.728
      562  0.000   0.999   1    0.722
      563  0.000   0.999   1    0.720
      564  0.000   0.999   1    0.722
      565  0.000   1.000   1    0.730
      566  0.000   1.000   1    0.731
      567  0.000   1.000   1    0.745
      568  0.000   1.000   1    0.759
      569  0.000   1.000   1    0.778
      570  0.000   1.000   1    0.792
      571  0.000   1.000   1    0.806
      572  0.000   1.000   1    0.817
      573  0.000   1.000   1    0.823
      574  0.000   1.000   1    0.825
      575  0.000   1.000   1    0.823
      576  0.000   1.000   1    0.826
      577  0.000   1.000   1    0.831
      578  0.000   1.000   1    0.834
      579  0.000   1.000   1    0.836
      580  0.000   1.000   1    0.827
      581  0.000   1.000   1    0.816
      582  0.000   1.000   1    0.808
      583  0.000   1.000   1    0.812
      584  0.000   1.000   1    0.813
      585  0.000   1.000   1    0.819
      586  0.000   1.000   1    0.826
      587  0.000   1.000   1    0.832
      588  0.000   1.000   1    0.836
      589  0.000   1.000   1    0.844
      590  0.000   1.000   1    0.844
      591  0.000   1.000   1    0.841
      592  0.000   1.000   1    0.841
      593  0.000   1.000   1    0.844
      594  0.000   1.000   1    0.850
      595  0.000   1.000   1    0.865
      596  0.000   1.000   1    0.887
      597  0.000   1.000   1    0.901
      598  0.000   1.000   1    0.915
      599  0.000   1.000   1    0.916
      600  0.000   1.000   1    0.916
      601  0.000   1.000   1    0.924
      602  0.000   1.000   1    0.935
      603  0.000   1.000   1    0.948
      604  0.000   1.000   1    0.959
      605  0.000   1.000   1    0.969
      606  0.000   1.000   1    0.978
      607  0.000   1.000   1    0.981
      608  0.000   1.000   1    0.975
      609  0.000   1.000   1    0.966
      610  0.000   1.000   1    0.962
      611  0.000   1.000   1    0.963
      612  0.000   1.000   1    0.962
      613  0.000   1.000   1    0.973
      614  0.000   1.000   1    0.988
      615  0.000   1.000   1    1.007
      616  0.000   1.000   1    1.026
      617  0.000   1.000   1    1.035
      618  0.000   1.000   1    1.040
      619  0.000   1.000   1    1.043
      620  0.000   1.000   1    1.039
      621  0.000   1.000   1    1.036
      622  0.000   1.000   1    1.028
      623  0.000   1.000   1    1.021
      624  0.000   1.000   1    1.012
      625  0.000   1.000   1    1.005
      626  0.000   0.935   1    0.995
      627  0.000   0.901   1    0.993
      628  0.000   0.899   1    0.995
      629  0.000   0.897   1    1.001
      630  0.000   0.824   1    0.998
      631  0.001   0.820   1    0.992
      632  0.000   0.820   1    0.984
      633  0.000   0.820   1    0.985
      634  0.000   0.820   1    0.989
      635  0.000   0.820   1    0.991
      636  0.001   0.821   1    0.993
      637  0.070   0.891   1    0.996
      638  0.098   0.989   1    0.991
      639  0.001   0.989   1    0.991
      640  0.007   0.997   1    0.987
      641  0.000   0.997   1    0.986
      642  0.000   0.997   1    0.983
      643  0.000   0.997   1    0.982
      644  0.000   0.997   1    0.987
      645  0.000   0.997   1    0.995
      646  0.000   0.997   1    1.006
      647  0.000   0.997   1    1.006
      648  0.000   0.997   1    1.004
      649  0.000   0.997   1    1.000
      650  0.000   0.997   1    0.991
      651  0.000   0.997   1    0.970
      652  0.000   0.997   1    0.954
      653  0.000   0.997   1    0.942
      654  0.000   0.997   1    0.944
      655  0.000   0.970   1    0.952
      656  0.000   0.969   1    0.953
      657  0.000   0.969   1    0.948
      658  0.000   0.964   1    0.939
      659  0.000   0.964   1    0.930
      660  0.000   0.963   1    0.926
      661  0.000   0.964   1    0.916
      662  0.000   0.964   1    0.913
      663  0.000   0.964   1    0.914
      664  0.000   0.964   1    0.914
      665  0.000   0.963   1    0.913
      666  0.000   0.960   1    0.904
      667  0.000   0.960   1    0.899
      668  0.000   0.684   0    0.888
      669  0.000   0.654   0    0.870
      670  0.000   0.530   0    0.848
      671  0.000   0.416   0    0.826
      672  0.000   0.239   0    0.823
      673  0.000   0.231   0    0.821
      674  0.000   0.232   0    0.817
      675  0.000   0.232   0    0.817
      676  0.000   0.231   0    0.819
      677  0.009   0.238   0    0.820
      678  0.016   0.252   0    0.812
      679  0.017   0.258   0    0.803
      680  0.031   0.284   0    0.791
      681  0.067   0.329   0    0.781
      682  0.670   0.998   1    0.785
      683  0.000   0.999   1    0.797
      684  0.000   0.998   1    0.806
      685  0.000   0.997   1    0.814
      686  0.001   0.996   1    0.825
      687  0.000   0.996   1    0.830
      688  0.001   0.996   1    0.829
      689  0.001   0.997   1    0.822
      690  0.001   0.998   1    0.818
      691  0.000   0.998   1    0.820
      692  0.000   0.998   1    0.819
      693  0.000   0.998   1    0.821
      694  0.002   1.000   1    0.817
      695  0.000   1.000   1    0.816
      696  0.000   1.000   1    0.810
      697  0.000   0.995   1    0.792
      698  0.003   0.997   1    0.783
      699  0.001   0.999   1    0.771
      700  0.001   0.999   1    0.760
      701  0.000   0.999   1    0.751
      702  0.000   0.999   1    0.746
      703  0.000   1.000   1    0.740
      704  0.000   1.000   1    0.730
      705  0.000   1.000   1    0.727
      706  0.000   1.000   1    0.730
      707  0.000   1.000   1    0.735
      708  0.000   1.000   1    0.737
      709  0.000   1.000   1    0.735
      710  0.000   1.000   1    0.729
      711  0.000   1.000   1    0.719
      712  0.000   1.000   1    0.711
      713  0.000   1.000   1    0.707
      714  0.000   1.000   1    0.705
      715  0.000   0.999   1    0.699
      716  0.000   0.999   1    0.700
      717  0.000   0.999   1    0.697
      718  0.000   0.999   1    0.694
      719  0.000   0.999   1    0.692
      720  0.000   0.999   1    0.693
      721  0.000   1.000   1    0.692
      722  0.000   1.000   1    0.686
      723  0.000   1.000   1    0.689
      724  0.000   1.000   1    0.695
      725  0.000   1.000   1    0.710
      726  0.000   1.000   1    0.727
      727  0.000   1.000   1    0.736
      728  0.000   1.000   1    0.742
      729  0.000   1.000   1    0.742
      730  0.000   1.000   1    0.738
      731  0.000   1.000   1    0.733
      732  0.000   1.000   1    0.731
      733  0.000   1.000   1    0.736
      734  0.000   1.000   1    0.743
      735  0.000   1.000   1    0.750
      736  0.000   1.000   1    0.758
      737  0.000   1.000   1    0.744
      738  0.000   1.000   1    0.724
      739  0.000   1.000   1    0.706
      740  0.000   1.000   1    0.701
      741  0.000   1.000   1    0.690
      742  0.000   1.000   1    0.686
      743  0.000   1.000   1    0.680
      744  0.000   1.000   1    0.683
      745  0.000   1.000   1    0.683
      746  0.000   1.000   1    0.680
      747  0.000   1.000   1    0.678
      748  0.000   1.000   1    0.667
      749  0.000   1.000   1    0.657
      750  0.000   1.000   1    0.648
      751  0.000   1.000   1    0.647
      752  0.000   1.000   1    0.659
      753  0.000   1.000   1    0.658
      754  0.000   1.000   1    0.657
      755  0.000   1.000   1    0.657
      756  0.000   1.000   1    0.656
      757  0.000   1.000   1    0.651
      758  0.000   1.000   1    0.647
      759  0.000   1.000   1    0.651
      760  0.000   1.000   1    0.644
      761  0.000   1.000   1    0.638
      762  0.000   1.000   1    0.627
      763  0.000   1.000   1    0.618
      764  0.000   1.000   1    0.612
      765  0.000   1.000   1    0.601
      766  0.000   1.000   1    0.594
      767  0.000   1.000   1    0.598
      768  0.000   1.000   1    0.600
      769  0.000   1.000   1    0.597
      770  0.000   1.000   1    0.598
      771  0.000   1.000   1    0.595
      772  0.000   1.000   1    0.592
      773  0.000   1.000   1    0.584
      774  0.000   1.000   1    0.573
      775  0.000   1.000   1    0.561
      776  0.000   1.000   1    0.555
      777  0.000   1.000   1    0.548
      778  0.000   0.999   1    0.534
      779  0.000   0.999   1    0.518
      780  0.000   1.000   1    0.506
      781  0.000   1.000   1    0.488
      782  0.000   1.000   1    0.469
      783  0.000   0.999   1    0.445
      784  0.000   0.929   1    0.435
      785  0.001   0.832   1    0.428
      786  0.001   0.833   1    0.416
      787  0.007   0.833   1    0.406
      788  0.003   0.835   1    0.400
      789  0.002   0.837   1    0.396
      790  0.009   0.846   1    0.394
      791  0.003   0.849   1    0.390
      792  0.001   0.850   1    0.395
      793  0.001   0.851   1    0.393
      794  0.000   0.851   1    0.388
      795  0.000   0.851   1    0.379
      796  0.000   0.851   1    0.380
      797  0.001   0.852   1    0.380
      798  0.000   0.852   1    0.379
      799  0.000   0.852   1    0.369
      800  0.000   0.852   1    0.359
      801  0.000   0.852   1    0.355
      802  0.000   0.852   1    0.357
      803  0.000   0.852   1    0.362
      804  0.000   0.852   1    0.366
      805  0.000   0.852   1    0.368
      806  0.000   0.852   1    0.373
      807  0.009   0.861   1    0.380
      808  0.009   0.870   1    0.388
      809  0.000   0.870   1    0.396
      810  0.000   0.870   1    0.397
      811  0.002   0.873   1    0.400
      812  0.000   0.873   1    0.410
      813  0.001   0.874   1    0.417
      814  0.004   0.877   1    0.417
      815  0.032   0.910   1    0.418
      816  0.012   0.922   1    0.420
      817  0.000   0.922   1    0.423
      818  0.000   0.922   1    0.437
      819  0.000   0.922   1    0.442
      820  0.000   0.922   1    0.454
      821  0.000   0.922   1    0.464
      822  0.000   0.922   1    0.467
      823  0.000   0.922   1    0.472
      824  0.000   0.913   1    0.479
      825  0.000   0.897   1    0.490
      826  0.000   0.880   1    0.500
      827  0.000   0.849   1    0.510
      828  0.000   0.783   1    0.521
      829  0.000   0.113   0    0.534
      830  0.000   0.113   0    0.540
      831  0.001   0.114   0    0.547
      832  0.056   0.169   0    0.553
      833  0.449   0.618   1    0.561
      834  0.054   0.671   1    0.568
      835  0.000   0.670   1    0.572
      836  0.000   0.670   1    0.582
      837  0.001   0.670   1    0.591
      838  0.017   0.687   1    0.603
      839  0.002   0.688   1    0.609
      840  0.000   0.688   1    0.614
      841  0.012   0.698   1    0.616
      842  0.288   0.987   1    0.613
      843  0.009   0.996   1    0.617
      844  0.000   0.996   1    0.614
      845  0.000   0.993   1    0.608
      846  0.000   0.992   1    0.603
      847  0.000   0.991   1    0.595
      848  0.000   0.991   1    0.596
      849  0.000   0.991   1    0.595
      850  0.000   0.991   1    0.594
      851  0.000   0.991   1    0.584
      852  0.000   0.991   1    0.578
      853  0.000   0.992   1    0.581
      854  0.000   0.992   1    0.587
      855  0.000   0.992   1    0.588
      856  0.000   0.992   1    0.588
      857  0.000   0.992   1    0.589
      858  0.000   0.992   1    0.587
      859  0.000   0.992   1    0.585
      860  0.000   0.992   1    0.586
      861  0.000   0.992   1    0.588
      862  0.001   0.993   1    0.585
      863  0.001   0.995   1    0.578
      864  0.000   0.995   1    0.571
      865  0.000   0.995   1    0.566
      866  0.000   0.995   1    0.557
      867  0.000   0.995   1    0.546
      868  0.000   0.994   1    0.536
      869  0.000   0.994   1    0.531
      870  0.000   0.994   1    0.530
      871  0.001   0.995   1    0.525
      872  0.000   0.995   1    0.519
      873  0.003   0.998   1    0.508
      874  0.002   0.999   1    0.502
      875  0.000   1.000   1    0.489
      876  0.000   1.000   1    0.483
      877  0.000   1.000   1    0.478
      878  0.000   1.000   1    0.478
      879  0.000   1.000   1    0.483
      880  0.000   1.000   1    0.480
      881  0.000   1.000   1    0.466
      882  0.000   1.000   1    0.451
      883  0.000   1.000   1    0.444
      884  0.000   1.000   1    0.444
      885  0.000   1.000   1    0.445
      886  0.000   1.000   1    0.437
      887  0.000   1.000   1    0.439
      888  0.000   1.000   1    0.442
      889  0.000   1.000   1    0.444
      890  0.000   1.000   1    0.442
      891  0.000   1.000   1    0.434
      892  0.000   1.000   1    0.421
      893  0.000   1.000   1    0.412
      894  0.000   1.000   1    0.405
      895  0.000   1.000   1    0.400
      896  0.000   1.000   1    0.398
      897  0.000   1.000   1    0.397
      898  0.000   1.000   1    0.394
      899  0.000   1.000   1    0.393
      900  0.000   1.000   1    0.397
      901  0.000   1.000   1    0.398
      902  0.000   1.000   1    0.401
      903  0.000   1.000   1    0.400
      904  0.000   1.000   1    0.405
      905  0.000   1.000   1    0.403
      906  0.000   1.000   1    0.407
      907  0.000   1.000   1    0.408
      908  0.000   1.000   1    0.404
      909  0.000   1.000   1    0.400
      910  0.000   1.000   1    0.398
      911  0.000   1.000   1    0.396
      912  0.000   1.000   1    0.390
      913  0.000   1.000   1    0.383
      914  0.000   1.000   1    0.373
      915  0.000   1.000   1    0.362
      916  0.000   1.000   1    0.349
      917  0.000   1.000   1    0.344
      918  0.000   1.000   1    0.345
      919  0.000   1.000   1    0.350
      920  0.000   1.000   1    0.356
      921  0.000   1.000   1    0.360
      922  0.000   1.000   1    0.359
      923  0.000   1.000   1    0.362
      924  0.000   1.000   1    0.365
      925  0.000   1.000   1    0.364
      926  0.000   0.999   1    0.364
      927  0.000   0.999   1    0.368
      928  0.000   0.999   1    0.365
      929  0.000   0.999   1    0.369
      930  0.000   0.999   1    0.371
      931  0.000   0.999   1    0.369
      932  0.000   0.998   1    0.360
      933  0.000   0.997   1    0.342
      934  0.000   0.990   1    0.334
      935  0.000   0.987   1    0.328
      936  0.000   0.985   1    0.334
      937  0.000   0.977   1    0.334
      938  0.000   0.973   1    0.333
      939  0.000   0.972   1    0.330
      940  0.013   0.984   1    0.328
      941  0.008   0.992   1    0.327
      942  0.000   0.992   1    0.316
      943  0.000   0.992   1    0.303
      944  0.000   0.991   1    0.297
      945  0.000   0.991   1    0.296
      946  0.000   0.991   1    0.302
      947  0.000   0.991   1    0.306
      948  0.000   0.991   1    0.313
      949  0.000   0.991   1    0.318
      950  0.000   0.991   1    0.326
      951  0.000   0.991   1    0.332
      952  0.000   0.991   1    0.333
      953  0.000   0.991   1    0.327
      954  0.000   0.982   1    0.323
      955  0.000   0.973   1    0.320
      956  0.000   0.973   1    0.324
      957  0.000   0.972   1    0.325
      958  0.000   0.970   1    0.330
      959  0.000   0.970   1    0.331
      960  0.000   0.969   1    0.328
      961  0.000   0.965   1    0.326
      962  0.000   0.933   1    0.322
      963  0.000   0.921   1    0.315
      964  0.000   0.921   1    0.304
      965  0.000   0.921   1    0.300
      966  0.000   0.921   1    0.298
      967  0.008   0.929   1    0.301
      968  0.006   0.935   1    0.305
      969  0.003   0.938   1    0.308
      970  0.003   0.941   1    0.308
      971  0.000   0.941   1    0.309
      972  0.000   0.941   1    0.302
      973  0.000   0.941   1    0.297
      974  0.000   0.941   1    0.291
      975  0.000   0.941   1    0.283
      976  0.000   0.941   1    0.287
      977  0.000   0.941   1    0.295
      978  0.000   0.941   1    0.305
      979  0.000   0.885   1    0.309
      980  0.016   0.452   0    0.310
      981  0.002   0.401   0    0.307
      982  0.009   0.409   0    0.300
      983  0.001   0.410   0    0.299
      984  0.000   0.410   0    0.293
      985  0.000   0.393   0    0.295
      986  0.000   0.391   0    0.304
      987  0.000   0.391   0    0.316
      988  0.001   0.380   0    0.326
      989  0.171   0.263   0    0.315
      990  0.460   0.713   1    0.306
      991  0.086   0.798   1    0.297
      992  0.091   0.889   1    0.296
      993  0.009   0.898   1    0.296
      994  0.001   0.898   1    0.290
      995  0.000   0.898   1    0.288
      996  0.002   0.900   1    0.287
      997  0.003   0.902   1    0.286
      998  0.001   0.903   1    0.284
      999  0.007   0.911   1    0.270
     1000  0.003   0.914   1    0.257
     1001  0.006   0.919   1    0.238
     1002  0.000   0.919   1    0.236
     1003  0.000   0.919   1    0.225
     1004  0.000   0.919   1    0.221
     1005  0.001   0.919   1    0.207
     1006  0.005   0.925   1    0.195
     1007  0.030   0.954   1    0.189
     1008  0.009   0.963   1    0.190
     1009  0.000   0.963   1    0.191
     1010  0.000   0.962   1    0.190
     1011  0.000   0.962   1    0.185
     1012  0.000   0.962   1    0.178
     1013  0.000   0.962   1    0.181
     1014  0.000   0.962   1    0.181
     1015  0.001   0.963   1    0.187
     1016  0.001   0.963   1    0.190
     1017  0.000   0.963   1    0.191
     1018  0.000   0.963   1    0.193
     1019  0.000   0.963   1    0.192
     1020  0.000   0.960   1    0.193
     1021  0.000   0.958   1    0.192
     1022  0.005   0.963   1    0.180
     1023  0.001   0.964   1    0.174
     1024  0.000   0.964   1    0.176
     1025  0.000   0.964   1    0.179
     1026  0.000   0.964   1    0.185
     1027  0.000   0.964   1    0.187
     1028  0.000   0.965   1    0.190
     1029  0.000   0.965   1    0.186
     1030  0.000   0.965   1    0.179
     1031  0.001   0.966   1    0.160
     1032  0.008   0.974   1    0.144
     1033  0.014   0.987   1    0.130
     1034  0.011   0.999   1    0.126
     1035  0.001   1.000   1    0.133
     1036  0.000   1.000   1    0.143
     1037  0.000   1.000   1    0.153
     1038  0.000   1.000   1    0.160
     1039  0.000   1.000   1    0.159
     1040  0.000   1.000   1    0.155
     1041  0.000   1.000   1    0.141
     1042  0.000   1.000   1    0.131
     1043  0.000   1.000   1    0.127
     1044  0.000   1.000   1    0.128
     1045  0.000   1.000   1    0.133
     1046  0.000   1.000   1    0.134
     1047  0.000   1.000   1    0.138
     1048  0.000   1.000   1    0.132
     1049  0.000   1.000   1    0.126
     1050  0.000   1.000   1    0.121
     1051  0.000   1.000   1    0.121
     1052  0.000   1.000   1    0.126
     1053  0.000   1.000   1    0.134
     1054  0.000   1.000   1    0.146
     1055  0.000   1.000   1    0.154
     1056  0.000   1.000   1    0.159
     1057  0.000   1.000   1    0.153
     1058  0.000   1.000   1    0.151
     1059  0.000   1.000   1    0.137
     1060  0.000   1.000   1    0.138
     1061  0.000   1.000   1    0.145
     1062  0.000   1.000   1    0.146
     1063  0.000   1.000   1    0.143
     1064  0.000   1.000   1    0.136
     1065  0.000   1.000   1    0.127
     1066  0.000   1.000   1    0.119
     1067  0.000   1.000   1    0.114
     1068  0.000   1.000   1    0.106
     1069  0.000   1.000   1    0.098
     1070  0.000   1.000   1    0.093
     1071  0.000   1.000   1    0.081
     1072  0.000   1.000   1    0.069
     1073  0.000   1.000   1    0.061
     1074  0.000   1.000   1    0.064
     1075  0.000   1.000   1    0.061
     1076  0.000   1.000   1    0.054
     1077  0.000   0.999   1    0.058
     1078  0.000   0.999   1    0.061
     1079  0.000   0.999   1    0.061
     1080  0.000   0.999   1    0.062
     1081  0.000   0.999   1    0.054
     1082  0.000   0.999   1    0.046
     1083  0.000   0.999   1    0.033
     1084  0.000   0.999   1    0.023
     1085  0.000   0.999   1    0.020
     1086  0.000   0.999   1    0.017
     1087  0.000   0.986   1    0.010
     1088  0.000   0.978   1    0.003
     1089  0.000   0.978   1   -0.006
     1090  0.000   0.978   1   -0.021
     1091  0.000   0.978   1   -0.045
     1092  0.000   0.978   1   -0.076
     1093  0.000   0.978   1   -0.104
     1094  0.000   0.978   1   -0.131
     1095  0.000   0.977   1   -0.152
     1096  0.000   0.977   1   -0.166
     1097  0.000   0.977   1   -0.180
     1098  0.000   0.977   1   -0.199
     1099  0.000   0.977   1   -0.215
     1100  0.000   0.977   1   -0.238
     1101  0.000   0.977   1   -0.255
     1102  0.000   0.977   1   -0.280
     1103  0.000   0.977   1   -0.307
     1104  0.000   0.977   1   -0.326
     1105  0.000   0.977   1   -0.341
     1106  0.000   0.977   1   -0.354
     1107  0.000   0.977   1   -0.373
     1108  0.000   0.977   1   -0.398
     1109  0.000   0.977   1   -0.423
     1110  0.000   0.977   1   -0.447
     1111  0.000   0.977   1   -0.470
     1112  0.000   0.977   1   -0.483
     1113  0.000   0.977   1   -0.492
     1114  0.000   0.970   1   -0.502
     1115  0.000   0.963   1   -0.522
     1116  0.000   0.960   1   -0.547
     1117  0.000   0.958   1   -0.579
     1118  0.000   0.957   1   -0.612
     1119  0.000   0.957   1   -0.638
     1120  0.000   0.957   1   -0.653
     1121  0.000   0.957   1   -0.670
     1122  0.000   0.957   1   -0.691
     1123  0.000   0.957   1   -0.722
     1124  0.000   0.957   1   -0.749
     1125  0.000   0.956   1   -0.772
     1126  0.000   0.956   1   -0.793
     1127  0.000   0.940   1   -0.815
     1128  0.000   0.938   1   -0.842
     1129  0.000   0.929   1   -0.880
     1130  0.000   0.928   1   -0.915
     1131  0.000   0.928   1   -0.949
     1132  0.000   0.928   1   -0.983
     1133  0.000   0.928   1   -1.022
     1134  0.000   0.928   1   -1.065
     1135  0.000   0.927   1   -1.101
     1136  0.000   0.756   1   -1.134
     1137  0.000   0.297   0   -1.161
     1138  0.000   0.211   0   -1.184
     1139  0.000   0.121   0   -1.211
     1140  0.000   0.112   0   -1.234
     1141  0.000   0.111   0   -1.261
     1142  0.000   0.111   0   -1.279
     1143  0.000   0.109   0   -1.301
     1144  0.000   0.107   0   -1.333
     1145  0.000   0.106   0   -1.365
     1146  0.000   0.098   0   -1.394
     1147  0.000   0.095   0   -1.411
     1148  0.000   0.090   0   -1.433
     1149  0.000   0.089   0   -1.452
     1150  0.000   0.089   0   -1.483
     1151  0.000   0.089   0   -1.512
     1152  0.000   0.089   0   -1.542
     1153  0.000   0.084   0   -1.568
     1154  0.000   0.054   0   -1.595
     1155  0.000   0.044   0   -1.626
     1156  0.000   0.044   0   -1.665
     1157  0.000   0.044   0   -1.704
     1158  0.000   0.044   0   -1.733
     1159  0.000   0.044   0   -1.771
     1160  0.000   0.044   0   -1.810
     1161  0.000   0.044   0   -1.853
     1162  0.000   0.043   0   -1.898
     1163  0.000   0.042   0   -1.936
     1164  0.000   0.042   0   -1.970
     1165  0.000   0.042   0   -2.001
     1166  0.000   0.042   0   -2.025
     1167  0.000   0.042   0   -2.063
     1168  0.000   0.042   0   -2.106
     1169  0.000   0.037   0   -2.144
     1170  0.000   0.036   0   -2.173
     1171  0.000   0.036   0   -2.199
     1172  0.000   0.036   0   -2.213
     1173  0.000   0.036   0   -2.227
     1174  0.000   0.036   0   -2.247
     1175  0.000   0.035   0   -2.279
     1176  0.000   0.035   0   -2.312
     1177  0.000   0.035   0   -2.339
     1178  0.000   0.034   0   -2.359
     1179  0.000   0.026   0   -2.383
     1180  0.000   0.012   0   -2.408
     1181  0.000   0.001   0   -2.433
     1182  0.000   0.000   0   -2.454
     1183  0.000   0.000   0   -2.474
     1184  0.000   0.000   0   -2.489
     1185  0.000   0.000   0   -2.502
     1186  0.000   0.000   0   -2.514
     1187  0.000   0.000   0   -2.532
     1188  0.000   0.000   0   -2.552
     1189  0.000   0.000   0   -2.566
     1190  0.000   0.000   0   -2.583
     1191  0.000   0.000   0   -2.594
     1192  0.000   0.000   0   -2.606
     1193  0.000   0.000   0   -2.622
     1194  0.000   0.000   0   -2.646
     1195  0.000   0.000   0   -2.675
     1196  0.000   0.000   0   -2.693
     1197  0.000   0.000   0   -2.717
     1198  0.000   0.000   0   -2.738
     1199  0.000   0.000   0   -2.757
     1200  0.000   0.000   0   -2.778
     1201  0.000   0.000   0   -2.791
     1202  0.000   0.000   0   -2.804
     1203  0.000   0.000   0   -2.813
     1204  0.000   0.000   0   -2.813
     1205  0.000   0.000   0   -2.808
     1206  0.000   0.000   0   -2.808
     1207  0.000   0.000   0   -2.813
     1208  0.000   0.000   0   -2.816
     1209  0.000   0.000   0   -2.820
     1210  0.000   0.000   0   -2.818
     1211  0.000   0.000   0   -2.814
     1212  0.000   0.000   0   -2.801
     1213  0.000   0.000   0   -2.791
     1214  0.000   0.000   0   -2.780
     1215  0.000   0.000   0   -2.775
     1216  0.000   0.000   0   -2.769
     1217  0.000   0.000   0   -2.761
     1218  0.000   0.000   0   -2.755
     1219  0.000   0.000   0   -2.753
     1220  0.000   0.000   0   -2.752
     1221  0.000   0.000   0   -2.760
     1222  0.000   0.000   0   -2.755
     1223  0.000   0.000   0   -2.745
     1224  0.000   0.000   0   -2.737
     1225  0.000   0.000   0   -2.735
     1226  0.000   0.000   0   -2.735
     1227  0.000   0.000   0   -2.738
     1228  0.000   0.000   0   -2.740
     1229  0.000   0.000   0   -2.739
     1230  0.000   0.000   0   -2.736
     1231  0.000   0.000   0   -2.731
     1232  0.000   0.000   0   -2.730
     1233  0.000   0.000   0   -2.733
     1234  0.000   0.000   0   -2.734
     1235  0.000   0.000   0   -2.737
     1236  0.000   0.000   0   -2.739
     1237  0.000   0.000   0   -2.739
     1238  0.000   0.000   0   -2.737
     1239  0.000   0.000   0   -2.735
     1240  0.000   0.000   0   -2.738
     1241  0.000   0.000   0   -2.743
     1242  0.000   0.000   0   -2.745
     1243  0.000   0.000   0   -2.738
     1244  0.000   0.000   0   -2.737
     1245  0.000   0.000   0   -2.742
     1246  0.000   0.000   0   -2.757
     1247  0.000   0.000   0   -2.769
     1248  0.000   0.000   0   -2.779
     1249  0.000   0.000   0   -2.766
     1250  0.000   0.000   0   -2.751
     1251  0.000   0.000   0    NA
     1252  0.000   0.000   0    NA
     1253  0.000   0.000   0    NA
     1254  0.000   0.000   0    NA
     1255  0.000   0.000   0    NA
     1256  0.000   0.000   0    NA
     1257  0.000   0.000   0    NA
     1258  0.000   0.000   0    NA
     1259  0.000   0.000   0    NA
     1260  0.000   0.000   0    NA
     1261  0.000   0.000   0    NA
     1262  0.000   0.000   0    NA
     1263  0.000   0.000   0    NA
     1264  0.000   0.000   0    NA
     1265  0.000   0.000   0    NA
     1266  0.000   0.000   0    NA
     1267  0.000   0.000   0    NA
     1268  0.000   0.000   0    NA
     1269  0.000   0.000   0    NA
     1270  0.000   0.000   0    NA
     1271  0.000   0.000   0    NA
     1272  0.000   0.000   0    NA
     1273  0.000   0.000   0    NA
     1274  0.000   0.000   0    NA
     1275  0.000   0.000   0    NA
     1276  0.000   0.000   0    NA
     1277  0.000   0.000   0    NA
     1278  0.000   0.000   0    NA
     1279  0.000   0.000   0    NA
     1280  0.000   0.000   0    NA
     1281  0.000   0.000   0    NA
     1282  0.000   0.000   0    NA
     1283  0.000   0.000   0    NA
     1284  0.000   0.000   0    NA
     1285  0.000   0.000   0    NA
     1286  0.000   0.000   0    NA
     1287  0.000   0.000   0    NA
     1288  0.000   0.000   0    NA
     1289  0.000   0.000   0    NA
     1290  0.000   0.000   0    NA
     1291  0.000   0.000   0    NA
     1292  0.000   0.000   0    NA
     1293  0.000   0.000   0    NA
     1294  0.000   0.000   0    NA
     1295  0.000   0.000   0    NA
     1296  0.000   0.000   0    NA
     1297  0.000   0.000   0    NA
     1298  0.000   0.000   0    NA
     1299  0.000   0.000   0    NA
     1300  0.000   0.000   0    NA
     1301  0.000   0.000   0    NA
     1302  0.000   0.000   0    NA
     1303  0.000   0.000   0    NA
     1304  0.000   0.000   0    NA
     1305  0.000   0.000   0    NA
     1306  0.000   0.000   0    NA
     1307  0.000   0.000   0    NA
     1308  0.000   0.000   0    NA
     1309  0.000   0.000   0    NA
     1310  0.000   0.000   0    NA
     1311  0.000   0.000   0    NA
     1312  0.000   0.000   0    NA
     1313  0.000   0.000   0    NA
     1314  0.000   0.000   0    NA
     1315  0.000   0.000   0    NA
     1316  0.000   0.000   0    NA
     1317  0.000   0.000   0    NA
     1318  0.000   0.000   0    NA
     1319  0.000   0.000   0    NA
     1320  0.000   0.000   0    NA
     1321  0.000   0.000   0    NA
     1322  0.000   0.000   0    NA
     1323  0.000   0.000   0    NA
